/*--------------------------------*- C++ -*----------------------------------*\
  =========                 |
  \\      /  F ield         | OpenFOAM: The Open Source CFD Toolbox
   \\    /   O peration     | Website:  https://openfoam.org
    \\  /    A nd           | Version:  dev
     \\/     M anipulation  |
\*---------------------------------------------------------------------------*/
FoamFile
{
    format      ascii;
    class       faceSet;
    location    "constant/polyMesh/sets";
    object      inlet2;
}
// * * * * * * * * * * * * * * * * * * * * * * * * * * * * * * * * * * * * * //


358
(
1110993 
1110997 
1110999 
1111000 
1111013 
1111020 
1111021 
1111022 
1111024 
1111025 
1111026 
1111027 
1111029 
1111030 
1111031 
1111033 
1111034 
1111037 
1111042 
1111049 
1111050 
1111051 
1111052 
1111054 
1111057 
1111060 
1111062 
1111063 
1111064 
1111065 
1111066 
1111067 
1111069 
1111070 
1111074 
1111080 
1111083 
1111084 
1111085 
1111086 
1111087 
1111088 
1111089 
1111090 
1111091 
1111092 
1111093 
1111094 
1111095 
1111096 
1111097 
1111098 
1111099 
1111100 
1111101 
1111102 
1111103 
1111104 
1111105 
1111106 
1111107 
1111108 
1111109 
1111110 
1111111 
1111112 
1111113 
1111114 
1111116 
1111117 
1111118 
1111119 
1111122 
1111123 
1111124 
1111131 
1111132 
1111133 
1111134 
1111135 
1111136 
1111139 
1111140 
1111141 
1111142 
1111143 
1111144 
1111145 
1111152 
1111153 
1111154 
1111161 
1111162 
1111163 
1111164 
1111165 
1111166 
1111167 
1111168 
1111169 
1111171 
1111173 
1111174 
1111175 
1111176 
1111177 
1111178 
1111179 
1111180 
1111181 
1111182 
1111183 
1111184 
1111186 
1111188 
1111189 
1111190 
1111191 
1111192 
1111193 
1111194 
1111195 
1111196 
1111200 
1111201 
1111202 
1111203 
1111204 
1111205 
1111206 
1111207 
1111218 
1111219 
1111220 
1111221 
1111222 
1111223 
1111224 
1111225 
1111226 
1111227 
1111232 
1111236 
1111241 
1111242 
1111243 
1111244 
1111245 
1111246 
1111247 
1111248 
1111249 
1111250 
1111251 
1111252 
1111253 
1111254 
1111255 
1111256 
1111257 
1111258 
1111259 
1111261 
1111262 
1111263 
1111264 
1111265 
1111266 
1111267 
1111268 
1111273 
1111274 
1111275 
1111276 
1111277 
1111278 
1111279 
1111280 
1111281 
1111282 
1111283 
1111284 
1111285 
1111286 
1111287 
1111288 
1111289 
1111290 
1111291 
1111292 
1111293 
1111294 
1111295 
1111296 
1111297 
1111298 
1111299 
1111300 
1111301 
1111302 
1111303 
1111304 
1111305 
1111306 
1111307 
1111308 
1111309 
1111310 
1111311 
1111312 
1111313 
1111314 
1111315 
1111316 
1111317 
1111318 
1111319 
1111320 
1111321 
1111322 
1111323 
1111324 
1111325 
1111326 
1111327 
1111328 
1111329 
1111330 
1111331 
1111332 
1111333 
1111334 
1111335 
1111336 
1111337 
1111338 
1111339 
1111340 
1111341 
1111342 
1111343 
1111344 
1111345 
1111346 
1111347 
1111348 
1111349 
1111350 
1111351 
1111352 
1111353 
1111354 
1111355 
1111356 
1111357 
1111358 
1111359 
1111360 
1111361 
1111362 
1111363 
1111364 
1111365 
1111366 
1111367 
1111368 
1111369 
1111370 
1111371 
1111372 
1111374 
1111375 
1111376 
1111377 
1111378 
1111379 
1111380 
1111381 
1111382 
1111386 
1111387 
1111388 
1111416 
1111417 
1111418 
1111427 
1111431 
1111432 
1111433 
1111437 
1111438 
1111439 
1111446 
1111447 
1111448 
1111452 
1111453 
1111454 
1111458 
1111459 
1111460 
1111464 
1111465 
1111466 
1111470 
1111473 
1111479 
1111480 
1111481 
1111482 
1111483 
1111484 
1111485 
1111486 
1111487 
1111493 
1111494 
1111495 
1111496 
1111497 
1111498 
1111499 
1111500 
1111501 
1111502 
1111503 
1111508 
1111509 
1111514 
1111515 
1111516 
1111517 
1111518 
1111519 
1111520 
1111521 
1111522 
1111523 
1111527 
1111532 
1111533 
1111538 
1111544 
1111545 
1111548 
1111549 
1111550 
1111551 
1111552 
1111553 
1111554 
1111555 
1111556 
1111557 
1111562 
1111563 
1111568 
1072371 
)

// ************************************************************************* //
