/*--------------------------------*- C++ -*----------------------------------*\
  =========                 |
  \\      /  F ield         | OpenFOAM: The Open Source CFD Toolbox
   \\    /   O peration     | Website:  https://openfoam.org
    \\  /    A nd           | Version:  dev
     \\/     M anipulation  |
\*---------------------------------------------------------------------------*/
FoamFile
{
    format      ascii;
    class       faceSet;
    location    "constant/polyMesh/sets";
    object      inlet1;
}
// * * * * * * * * * * * * * * * * * * * * * * * * * * * * * * * * * * * * * //


3240
(
983040 
983041 
999425 
983042 
983043 
999427 
999430 
999431 
999433 
999434 
999435 
999436 
999437 
999438 
999439 
999440 
999441 
999442 
999443 
999444 
999445 
999446 
999447 
958520 
958543 
958549 
958550 
958551 
958552 
958553 
958554 
958555 
958556 
958557 
958558 
958559 
958560 
958561 
958562 
958563 
958564 
958565 
958566 
958567 
958568 
958569 
958570 
958571 
958572 
958573 
958574 
958575 
983194 
983195 
983196 
983197 
983198 
983199 
983200 
983205 
983209 
983210 
983211 
983212 
983213 
983214 
958639 
958640 
958641 
958642 
983218 
958643 
983219 
958644 
983220 
958645 
983221 
958646 
983222 
958647 
983223 
958648 
983224 
958649 
983225 
958650 
983226 
958651 
983227 
958652 
983228 
958653 
983229 
958654 
983230 
958655 
983231 
958656 
983232 
958657 
983233 
1016001 
958658 
983234 
1016002 
958659 
983235 
1016003 
958660 
983236 
1016004 
958661 
983237 
1016005 
958662 
983238 
1016006 
958663 
983239 
1016007 
958664 
983240 
1016008 
958665 
983241 
1016009 
983242 
1016010 
983243 
1016011 
983244 
1016012 
983245 
1016013 
983246 
1016014 
983247 
1016015 
983248 
1016016 
983249 
1016017 
983250 
983256 
983260 
983261 
983265 
983266 
983267 
983268 
983269 
983270 
983271 
983272 
983273 
983274 
983275 
983276 
983277 
983278 
983279 
983280 
983281 
983282 
983283 
983284 
983285 
983286 
983287 
975096 
983288 
975097 
983289 
975098 
983290 
975099 
983291 
975100 
983292 
975101 
983293 
975102 
983296 
983297 
983298 
983299 
975108 
983303 
975112 
975113 
983305 
975114 
983306 
975115 
983307 
975116 
975117 
983309 
975118 
975119 
983313 
975123 
975124 
983316 
975125 
983317 
975126 
983318 
975127 
983319 
975128 
975129 
983321 
975130 
983322 
975131 
983323 
975132 
983324 
975133 
983325 
975134 
983326 
975135 
983327 
975136 
983328 
975137 
983329 
975138 
983330 
975139 
983331 
975140 
983332 
975141 
983333 
975142 
983334 
975143 
975144 
975145 
975146 
975147 
975148 
975149 
975150 
975151 
975152 
975153 
975154 
942387 
975155 
942388 
975156 
942389 
975157 
942390 
975159 
975164 
942397 
942398 
942399 
942400 
942401 
975171 
975172 
975173 
975174 
975175 
975176 
975177 
975178 
975179 
975180 
942413 
975181 
942414 
975182 
942415 
975183 
942416 
975184 
975185 
1024337 
975186 
975187 
975188 
975189 
1024341 
975190 
1024342 
975191 
1024343 
975192 
975193 
975194 
975195 
1024347 
975196 
1024348 
975197 
975198 
975199 
975200 
975201 
975205 
1024357 
975206 
975207 
1024359 
975208 
1024361 
975210 
1024362 
975213 
975215 
975216 
975217 
975218 
1024371 
975220 
975224 
975227 
975228 
975229 
975230 
1024383 
942464 
975232 
1024384 
942465 
975233 
942466 
975234 
942467 
975235 
1024387 
975236 
975237 
975238 
975239 
975240 
975241 
975242 
975243 
975244 
975245 
975246 
975247 
975248 
942491 
942492 
942493 
942494 
1032638 
1032639 
1032640 
1032643 
1032644 
1032651 
1032652 
1032653 
1032657 
1032658 
1032659 
1032660 
1032661 
1032662 
1032663 
1032667 
1032671 
1032673 
1032676 
1032687 
1032694 
1032699 
983578 
975387 
983579 
975388 
983580 
975389 
983581 
975390 
983582 
975391 
983583 
975392 
983585 
975394 
983588 
975397 
983590 
975399 
983591 
975400 
983592 
975401 
983595 
975404 
983596 
975405 
983597 
975406 
983598 
975407 
983599 
975408 
983600 
975409 
983601 
975410 
983602 
975411 
983603 
975412 
983604 
975413 
983605 
975414 
983606 
975415 
983607 
975416 
975417 
983611 
975422 
983614 
975425 
983617 
975426 
983618 
983619 
983620 
975429 
983621 
975430 
983622 
975431 
983623 
975432 
983624 
975433 
983625 
975434 
983626 
975435 
983627 
975436 
983628 
975437 
983629 
975438 
983630 
975439 
983631 
983632 
983633 
983634 
983635 
975444 
983636 
975445 
983637 
975446 
983638 
975447 
983639 
983640 
975449 
983641 
975450 
983642 
975451 
983643 
975452 
983644 
975453 
983645 
975454 
983646 
975455 
983647 
975456 
983648 
975457 
983649 
975458 
983650 
975459 
983651 
975460 
983652 
975461 
983653 
975462 
983654 
975463 
983655 
975464 
983656 
975465 
983657 
975466 
983658 
975467 
975468 
983660 
975469 
983661 
975470 
975471 
983663 
975472 
983664 
975473 
983665 
983666 
983667 
975476 
983669 
975479 
983671 
983673 
975482 
983674 
975483 
983675 
975484 
983676 
975485 
983677 
983678 
975487 
983679 
983680 
975489 
983681 
983682 
975491 
983683 
975492 
983684 
975493 
983685 
975494 
975495 
975496 
975497 
975498 
975499 
975500 
975501 
975502 
975503 
943163 
943164 
943165 
943171 
943172 
943173 
943174 
943175 
943186 
943187 
943188 
943189 
943226 
943227 
943228 
943229 
943261 
943262 
943263 
943264 
959906 
959907 
959908 
959909 
959910 
959911 
959912 
959913 
959914 
959915 
959916 
959917 
959918 
959919 
959920 
959921 
959922 
959923 
959924 
959925 
959926 
959927 
959928 
959929 
1017274 
1017275 
1017276 
1017277 
1017278 
959935 
1017279 
1017280 
1017281 
1017282 
1017283 
1017284 
1017285 
1017286 
1017287 
1017288 
1017289 
1017290 
1017291 
1017292 
1017293 
1017294 
1025491 
959958 
1025495 
1025496 
1025497 
1025501 
1025502 
1025511 
1025513 
1025515 
1025516 
1025525 
1025537 
1025538 
1025541 
960024 
960025 
960026 
960027 
960028 
960029 
960030 
960031 
960032 
960033 
960034 
960035 
960036 
960037 
960038 
960039 
960040 
960041 
960042 
960043 
960044 
960045 
960046 
960047 
960048 
960049 
960050 
984757 
984758 
984759 
984760 
984761 
984762 
984763 
984768 
984772 
984773 
984774 
984775 
984776 
984777 
984781 
984782 
984783 
984784 
984785 
984786 
984787 
984788 
984789 
984790 
984791 
984792 
984793 
984794 
984795 
984796 
984797 
984798 
984799 
984800 
984801 
984802 
984803 
984804 
984805 
984806 
984807 
984808 
984809 
984810 
984811 
984812 
984817 
984821 
984822 
984823 
984827 
984828 
984829 
984830 
984831 
984832 
984833 
984834 
984835 
984836 
984837 
984838 
984839 
984840 
984841 
984842 
984843 
984844 
984845 
984846 
984847 
984848 
984849 
984850 
984853 
984854 
984855 
984856 
984860 
984862 
984863 
984864 
984866 
984869 
984872 
984873 
984874 
984876 
984877 
984878 
984879 
984880 
984881 
984882 
984883 
984884 
984885 
984886 
984887 
984888 
943949 
943950 
943951 
943952 
985082 
985083 
985084 
985085 
985086 
985087 
985089 
985093 
985095 
985096 
985097 
985098 
985101 
985102 
985103 
985104 
985105 
985106 
985107 
985108 
985109 
985110 
985111 
985112 
985113 
985114 
985118 
985121 
968738 
985122 
968739 
985123 
968740 
985126 
968743 
985127 
985128 
985129 
985130 
968747 
985131 
985132 
985133 
985134 
985135 
985136 
968754 
985138 
985139 
985140 
968757 
985141 
985142 
985143 
985144 
985145 
985146 
985147 
985148 
985149 
968766 
985150 
968767 
985151 
968768 
985152 
968769 
985153 
985154 
985155 
985156 
985157 
985158 
985159 
985160 
985161 
985162 
985163 
985164 
985165 
985166 
985167 
985168 
985170 
985172 
985175 
985176 
985178 
985179 
985180 
985181 
985182 
985183 
985185 
985186 
985188 
985189 
985190 
985191 
985192 
985193 
985194 
985195 
985196 
985197 
985198 
985199 
985200 
985201 
944540 
944541 
944542 
944543 
977503 
977507 
944833 
944834 
944835 
969447 
969448 
969449 
944876 
969452 
944877 
944878 
944879 
944880 
969456 
944881 
944885 
1026807 
969463 
944888 
1026808 
944889 
1026809 
944890 
1026810 
969466 
944891 
1026811 
944892 
1026812 
1026813 
1026814 
1026815 
1026816 
1026817 
944898 
1026818 
1026819 
969475 
1026820 
969476 
1026821 
969477 
1026822 
969478 
944903 
1026823 
1026824 
944905 
1026825 
944906 
1026826 
944907 
1026827 
944908 
944909 
1026831 
1026832 
1026833 
1026834 
1026835 
1026836 
1026838 
1026845 
1026846 
1026847 
1026848 
1026849 
1026852 
1026853 
1026854 
1026855 
1026856 
1026860 
1026863 
1026864 
1026865 
1026866 
1026867 
1026868 
1026872 
1026875 
1026876 
944957 
1026877 
1026878 
1026881 
1026882 
1026883 
944964 
1026884 
1026885 
1026886 
1026887 
944968 
1026888 
1026889 
1026890 
1026892 
1026895 
1026896 
1026897 
1026898 
1026899 
1026900 
1026901 
1026902 
1026903 
1026904 
1026905 
1026907 
944988 
944989 
944990 
944991 
1026911 
944992 
1026914 
1026917 
1026918 
1026919 
1026920 
1026921 
1026922 
1026923 
1026924 
1026925 
1026926 
953292 
953293 
953294 
953295 
953297 
953300 
953301 
953302 
953303 
953308 
953311 
953313 
953314 
953315 
953316 
1010682 
1010683 
1010684 
1010685 
1010686 
1010687 
1010688 
1018880 
1010689 
1018881 
1010690 
1018882 
1010691 
1018883 
1010692 
1018884 
1010693 
1018885 
1010694 
1018886 
1010695 
1018887 
1010696 
1018888 
1010697 
1018889 
1010698 
1018890 
1010699 
1018891 
1010700 
953356 
1018892 
1010701 
953357 
1018893 
1010702 
953358 
1018894 
1010703 
953359 
1018895 
1010704 
953360 
1018896 
1010705 
1018897 
1018898 
1018899 
953364 
1018900 
953367 
953368 
953369 
953370 
953371 
953375 
953382 
953383 
953384 
953385 
953386 
961612 
961613 
961614 
961615 
961616 
961617 
961618 
961619 
961620 
961621 
961622 
961623 
961624 
961625 
961626 
961627 
961628 
961629 
961630 
961631 
961632 
961633 
961634 
961635 
953443 
953445 
953448 
953449 
953450 
953451 
953452 
953453 
953454 
953457 
953461 
953462 
953463 
953464 
1035388 
1035389 
1035390 
1035393 
961666 
1035394 
961667 
961668 
961669 
961670 
961671 
961672 
961673 
1035401 
961674 
1035402 
961675 
1035403 
961676 
961677 
961678 
961679 
1035407 
961680 
1035408 
961681 
1035409 
961682 
1035410 
961683 
1035411 
961684 
1035412 
961685 
1035413 
961686 
961687 
961688 
961689 
1035417 
961690 
961691 
961692 
1035421 
1035423 
969889 
1035426 
969897 
1035437 
1035444 
1035449 
961750 
961751 
961752 
961753 
961754 
961755 
961756 
961757 
961758 
961759 
961760 
961761 
961762 
961763 
961764 
961765 
961766 
961767 
961768 
961769 
961770 
961771 
961772 
961773 
11527 
11528 
11529 
11530 
11531 
1010971 
1010972 
1010973 
1010974 
1010975 
1010976 
970016 
1010977 
970017 
1010978 
970018 
1010979 
970019 
1010980 
970020 
1010981 
970021 
1010982 
1010983 
970023 
1010984 
1010985 
1010986 
1010987 
970027 
1010988 
1010989 
1010990 
1010991 
970032 
970033 
970034 
970035 
970036 
970037 
970038 
970039 
970043 
970044 
970045 
970046 
970047 
970048 
970049 
970050 
970051 
970052 
970053 
970054 
970055 
970056 
970057 
970058 
970059 
970060 
970061 
970062 
970063 
970064 
970065 
970066 
970067 
970068 
970069 
970070 
970071 
970072 
970073 
970074 
970075 
970076 
970077 
970078 
970083 
970088 
970089 
970090 
970091 
970095 
970096 
970097 
970098 
970099 
970100 
970101 
970102 
970103 
970104 
953721 
970105 
953722 
970106 
953723 
970107 
953724 
970108 
953725 
970109 
970110 
970111 
953728 
970112 
970113 
970114 
953731 
970115 
953732 
970116 
953733 
970117 
953734 
970118 
970119 
970120 
953738 
970122 
970125 
953744 
953745 
970129 
953746 
970130 
953747 
970131 
953748 
970132 
970133 
970135 
970136 
970137 
970138 
970139 
970143 
970144 
970145 
970146 
970147 
970151 
970152 
970154 
970155 
970156 
970157 
970158 
970159 
970160 
970161 
970162 
970163 
970164 
970165 
970166 
970167 
970168 
961990 
953819 
953821 
953824 
962017 
953825 
962018 
953826 
962019 
962020 
953828 
962021 
953829 
962022 
953830 
962023 
953831 
962024 
962025 
962026 
953834 
962027 
962028 
962029 
962030 
962031 
953839 
962032 
953840 
962033 
953841 
962034 
953842 
962035 
953843 
962036 
962037 
962038 
962039 
962040 
962041 
962042 
962043 
962103 
962104 
962105 
962106 
962107 
962108 
962109 
962110 
962111 
962112 
962113 
962114 
962115 
962116 
962117 
962118 
962119 
962120 
962121 
962122 
962123 
962124 
962125 
962126 
945753 
945754 
945755 
945756 
970332 
945757 
945760 
945763 
945764 
970340 
945765 
945766 
945767 
970345 
970346 
970347 
970348 
945773 
970349 
970352 
945777 
970353 
970354 
945779 
945780 
945781 
945782 
945783 
970365 
970367 
970368 
970370 
970371 
970373 
970374 
970375 
970380 
970385 
970386 
970390 
970393 
970395 
970396 
970397 
970398 
970402 
970403 
970404 
970406 
945856 
945857 
945858 
945899 
945900 
945904 
945930 
945931 
945932 
945933 
945934 
978776 
978777 
978778 
978779 
978780 
978781 
978782 
978788 
978792 
978793 
978794 
978795 
978796 
978797 
978798 
978799 
978803 
978804 
978805 
978806 
978807 
978808 
978809 
978810 
978811 
978812 
978813 
978814 
978815 
978816 
978817 
978818 
978819 
978820 
978821 
978822 
978823 
978824 
978825 
978826 
978827 
978828 
978829 
978830 
978831 
978832 
978833 
978834 
978839 
978843 
978847 
978848 
978849 
978850 
978851 
978852 
978853 
978854 
978855 
978856 
978857 
978858 
978859 
978860 
978861 
978862 
978863 
978864 
978865 
978866 
978867 
978868 
978869 
978870 
978871 
978872 
978873 
978874 
978875 
978879 
978880 
978881 
978882 
978885 
978887 
978888 
978889 
978891 
978895 
978898 
978899 
978900 
978901 
978903 
978904 
978905 
978906 
978907 
978908 
978909 
978910 
978911 
978912 
978913 
978914 
978915 
978916 
978917 
978918 
978919 
979049 
979050 
979051 
979052 
979053 
979054 
979056 
979059 
979061 
979062 
979063 
979066 
979067 
979068 
979069 
979070 
979071 
979072 
979073 
979074 
979075 
979076 
979077 
979078 
979080 
979083 
979087 
979088 
979091 
979092 
979093 
979094 
979095 
979096 
979097 
979098 
979099 
979100 
979101 
979102 
979103 
979104 
979105 
979106 
979107 
979108 
979109 
979110 
979111 
979112 
979113 
979114 
979115 
979116 
979117 
979118 
979119 
979120 
979121 
979126 
979127 
979128 
979129 
979131 
979132 
979133 
979134 
979135 
979137 
979139 
979141 
979142 
979143 
979144 
979145 
979146 
979147 
979150 
979153 
979156 
979157 
979158 
979159 
979160 
979161 
979162 
979163 
979164 
979165 
1020144 
1020156 
1020158 
1020159 
1020160 
1020162 
1020164 
1020165 
1020176 
1020179 
1020181 
1028463 
1028464 
1028465 
1028466 
1028467 
1028468 
1028469 
1028470 
1028471 
1028472 
1028473 
1028474 
1028475 
1028476 
1028477 
1028478 
1028479 
1028480 
1028481 
1028482 
1028483 
1028487 
1028488 
1028489 
1028490 
1028491 
1028492 
1028494 
1028501 
1028502 
1028503 
1028504 
1028505 
1028508 
1028509 
1028510 
1028511 
1028512 
1028516 
1028519 
1028520 
1028521 
1028522 
1028523 
1028524 
1028528 
1028531 
1028532 
1028533 
1028534 
1028537 
1028538 
1028539 
1028540 
1028541 
1028542 
1028543 
1028544 
1028545 
1028546 
1028548 
1028551 
1028552 
1028553 
1028554 
1028555 
1028556 
1028557 
1028558 
1028559 
1028560 
1028561 
1028563 
1028567 
1028570 
1028573 
1028574 
1028575 
1028576 
1028577 
1028578 
1028579 
1028580 
1028581 
1028582 
1020410 
1020411 
1020412 
1020413 
1020417 
1020418 
1020419 
1020420 
1020421 
1020422 
1020423 
1020428 
1020429 
1020433 
1020434 
1020435 
1020436 
1020437 
1020438 
1020439 
1020440 
1020441 
1020442 
1020443 
1020444 
1020445 
1020446 
946719 
1020447 
946720 
1020448 
946721 
1020449 
946722 
1020450 
946723 
1020451 
946724 
1020452 
1020453 
946728 
1020456 
1020457 
1020458 
946731 
1020459 
946732 
1020460 
946733 
1020461 
946734 
1020462 
946735 
1020464 
946740 
1020470 
1020471 
1020472 
1020473 
1020474 
946747 
1020475 
946748 
1020476 
946749 
946750 
1020478 
946751 
946752 
1020482 
1020486 
1020487 
1020488 
1020489 
1020490 
1020493 
1020494 
1020495 
1020496 
1020497 
1020498 
1020499 
1020500 
1020501 
1020502 
1020503 
1020504 
1020505 
1020506 
1020507 
1020508 
1020509 
1020510 
1020511 
1020512 
1020513 
1020514 
1020515 
1020516 
1020517 
946790 
1020518 
1020519 
1020520 
946793 
1020521 
1020522 
1020523 
1020524 
946798 
946801 
1020529 
946802 
946803 
946804 
1020532 
1020533 
1020534 
1020535 
1020536 
1020538 
1020539 
1020540 
946813 
1020541 
946814 
1020542 
946815 
1020543 
946816 
1020544 
946817 
1020545 
1020546 
1020547 
1020548 
1020549 
1020550 
1020551 
1020552 
1020553 
1021057 
1021069 
1021071 
1021072 
1021074 
1021076 
1021077 
1021086 
1021089 
1013006 
1013007 
1013008 
1013009 
1013010 
1013011 
1013012 
1013013 
1013014 
1013015 
1013016 
1013017 
1013018 
1013019 
1013020 
1013021 
1013022 
1013023 
1013024 
1013025 
1013026 
1013027 
1013028 
1013029 
1013103 
1013104 
1013105 
1021308 
1021309 
1021310 
1021314 
1013123 
1021315 
1021316 
1021317 
1021318 
1021319 
1021320 
1021324 
1021328 
1021329 
1021330 
1021331 
1021332 
1021333 
1021334 
1021335 
1021336 
1021337 
1021338 
1021339 
1021340 
1021341 
1021342 
1021343 
1021344 
1021345 
1021346 
1021347 
1021348 
947621 
947622 
947623 
1021351 
1021352 
1021353 
1021354 
1021355 
1021356 
1021357 
1021359 
1013171 
1021365 
1021366 
1021367 
1021368 
1021369 
1021370 
1021371 
1021373 
1021377 
1021381 
1021382 
1013191 
1021383 
1021384 
1021385 
1021388 
1021389 
1021390 
1021391 
1021392 
1021393 
1021394 
1021395 
1021396 
1021397 
1021398 
1021399 
1021400 
1021401 
1021402 
1021403 
1021404 
1021405 
1021406 
1021407 
1021408 
1021409 
1021410 
1021411 
1021412 
1021413 
1021414 
1021415 
1021416 
1021420 
1021423 
1021424 
1021425 
1021427 
1021428 
1021429 
1021430 
1021431 
1021432 
1021433 
1021434 
1021435 
1021436 
1021437 
1021438 
1021439 
1021440 
1021441 
1021442 
22125 
22126 
22127 
22128 
972430 
972431 
972432 
972433 
972434 
972435 
972437 
972441 
972446 
972447 
972448 
972449 
972450 
972451 
972452 
972453 
972457 
972458 
972459 
972460 
972461 
972462 
972463 
972464 
972465 
972466 
972467 
972468 
972469 
972470 
972471 
972472 
972473 
972474 
972475 
972476 
972477 
972478 
972479 
972480 
972481 
972482 
972483 
972484 
972485 
972486 
972487 
972488 
972493 
972497 
972498 
972499 
972503 
972504 
972505 
972506 
972507 
972508 
972509 
972510 
972511 
972512 
972513 
972514 
972515 
972516 
972517 
972518 
972519 
972520 
972521 
972522 
972523 
972524 
972525 
972526 
972527 
972528 
972530 
972533 
972537 
972538 
972539 
972540 
972541 
972543 
972544 
972545 
972546 
972547 
972551 
972552 
972553 
972554 
972557 
972559 
972560 
972561 
972562 
972563 
972564 
972565 
972566 
972567 
972568 
972569 
972570 
972571 
972572 
972573 
1029945 
1029946 
1029947 
1029950 
1029953 
1029954 
1029955 
1029956 
1029957 
1029975 
1029976 
1029977 
997212 
1029980 
997213 
1029981 
997214 
997215 
997216 
997217 
997219 
1038182 
997223 
997227 
997228 
997229 
1029997 
997230 
1038190 
997231 
1029999 
1038191 
997232 
1030001 
997236 
997237 
997238 
997239 
997240 
997241 
997242 
1038202 
997243 
997244 
1038204 
997245 
1038205 
997246 
1038206 
997247 
997248 
1038208 
997249 
997250 
1038210 
997251 
1038211 
997252 
997253 
997254 
997255 
997256 
997257 
997258 
997259 
997260 
997261 
997262 
1038222 
997263 
1038225 
997267 
1038227 
997271 
997272 
997276 
997277 
997278 
997279 
1038239 
997280 
997281 
997282 
997283 
997284 
997285 
997286 
997287 
997288 
997289 
997290 
997291 
997292 
997293 
997294 
997295 
997296 
997297 
997298 
997300 
997303 
997306 
997307 
997308 
997310 
997311 
997312 
997313 
997314 
997317 
997318 
997319 
997323 
997324 
997325 
997326 
997327 
997328 
997329 
997330 
997331 
997332 
997333 
997334 
972774 
972782 
997476 
997477 
972901 
997478 
997479 
997480 
997481 
997482 
972910 
997487 
981105 
997491 
972915 
997492 
972916 
981109 
997493 
972917 
997494 
972918 
997495 
972919 
997496 
972920 
972921 
972922 
997500 
997501 
997502 
997503 
997504 
948353 
997505 
948354 
997506 
948355 
997507 
948356 
997508 
948357 
997509 
997510 
997511 
972935 
948360 
997512 
997513 
972937 
997514 
972938 
948363 
997515 
948364 
997516 
972940 
948365 
997517 
972941 
948366 
997518 
948367 
997519 
972943 
997520 
972944 
997521 
972945 
997522 
948371 
997523 
997524 
997525 
997526 
972950 
997527 
997528 
997529 
948378 
997530 
948379 
997531 
972955 
948380 
997532 
972956 
948381 
948382 
948383 
972960 
997538 
972962 
972965 
997542 
972966 
997543 
972967 
972968 
972969 
972970 
997547 
972971 
997548 
997549 
997550 
997551 
972975 
997552 
997553 
997554 
997555 
997556 
997557 
997558 
997559 
997560 
997561 
997562 
997563 
997564 
997565 
997566 
997567 
997568 
997569 
948418 
997570 
997571 
997572 
948421 
997573 
997574 
997575 
948424 
948425 
948426 
997578 
948427 
997579 
997580 
997581 
948430 
997585 
997587 
948436 
997588 
997589 
997591 
948442 
948443 
997595 
948444 
948445 
997598 
997599 
997600 
997601 
1013985 
1013986 
997603 
1013987 
997604 
1013988 
997605 
1013989 
997606 
1013990 
997607 
1013991 
997608 
1013992 
997609 
1013993 
997610 
1013994 
997611 
1013995 
997612 
1013996 
997613 
1013997 
997614 
1013998 
997615 
1013999 
997616 
1014000 
1014001 
1014002 
1014003 
1014004 
1014005 
1014006 
1014007 
1014008 
956707 
956708 
956709 
956714 
1014082 
1014083 
1014099 
1038712 
1014144 
1038720 
1038721 
1038732 
1038734 
1038735 
1038737 
1038739 
1014164 
1038740 
1038749 
1038752 
1038763 
956848 
956851 
956852 
956853 
956854 
956858 
956865 
956866 
956867 
956868 
956869 
956870 
956876 
956877 
956878 
956879 
956880 
956881 
997851 
997852 
997853 
997854 
997855 
997856 
997858 
997861 
997863 
997864 
997865 
997868 
997869 
997870 
997871 
997872 
997873 
997874 
997875 
997876 
997877 
997878 
997879 
997880 
997884 
997887 
997890 
997891 
997892 
997893 
997894 
997895 
997896 
997897 
997898 
997899 
997900 
997901 
997902 
997903 
997904 
997905 
997906 
940562 
997907 
940563 
997908 
940564 
997909 
940565 
997910 
997911 
997912 
997913 
997914 
997915 
997916 
997917 
997918 
997919 
997920 
997921 
997922 
997923 
997924 
997925 
997926 
997927 
997928 
997929 
997930 
997931 
997933 
997934 
997936 
997937 
997938 
997939 
997940 
997942 
997944 
997946 
997947 
997948 
997949 
997950 
997951 
997952 
997953 
997954 
997955 
997956 
997957 
997958 
965268 
965269 
965270 
965271 
965272 
965273 
965274 
965275 
965276 
965277 
965278 
965279 
965280 
965281 
965282 
965283 
965284 
965285 
965286 
965287 
965288 
965316 
965317 
965318 
965319 
965320 
965321 
965322 
965323 
965324 
965325 
965326 
965327 
965328 
965329 
965330 
965331 
965332 
965333 
965334 
965335 
965336 
965337 
965338 
965339 
965340 
965341 
965342 
957150 
940767 
957151 
940768 
940769 
957161 
948997 
948998 
948999 
965397 
965398 
965399 
965400 
965401 
965402 
965403 
965404 
965405 
965406 
965407 
965408 
965409 
965410 
965411 
965412 
965413 
965414 
965415 
965416 
965417 
965418 
965419 
965420 
957309 
957312 
1031041 
957313 
1031042 
957314 
1031043 
957315 
1031046 
957319 
1031049 
1031050 
1031051 
1031052 
1031053 
957326 
957327 
957328 
957329 
957330 
957335 
957336 
957337 
957338 
957339 
957340 
1031071 
1031072 
1031073 
1031076 
1031077 
1031093 
1031095 
1031097 
941000 
941001 
941002 
941003 
941004 
941017 
941018 
941019 
941020 
941021 
965625 
965626 
965627 
965628 
965629 
965630 
965631 
965632 
965633 
965634 
965635 
965636 
965637 
965638 
965639 
965640 
965641 
965642 
965643 
965644 
965645 
965646 
965647 
965648 
965652 
965679 
965680 
965681 
965741 
965742 
965743 
965744 
965745 
965746 
965747 
965748 
965749 
965750 
965751 
965752 
965753 
965754 
965755 
965756 
965757 
965758 
965759 
965760 
965761 
965762 
965763 
965764 
1014953 
1014954 
1014955 
1014956 
1014957 
1014958 
1014959 
1014960 
1014961 
1014962 
1014963 
1014964 
1014965 
1014966 
1014967 
1014968 
1014969 
957764 
957765 
957766 
957767 
957768 
957769 
957770 
957771 
957772 
957773 
957774 
957775 
957776 
957777 
957778 
957779 
957780 
957781 
957782 
957783 
957784 
957785 
957786 
957787 
957788 
957789 
957790 
949628 
949629 
949630 
949631 
949632 
949635 
949638 
949639 
949640 
949641 
949646 
949650 
949652 
949653 
949654 
949655 
949698 
949699 
949700 
949701 
949702 
949706 
949709 
949710 
949711 
949712 
949713 
949717 
949724 
949725 
949726 
949727 
949728 
949788 
949790 
949793 
949794 
949795 
949796 
949797 
949798 
949799 
949802 
949806 
949807 
949808 
949809 
999003 
999004 
999005 
999006 
999007 
999008 
999009 
999014 
999018 
999019 
999020 
999021 
999022 
999023 
999027 
999028 
999029 
999030 
999031 
999032 
999033 
999034 
999035 
999036 
999037 
999038 
999039 
999040 
999041 
941697 
999042 
941698 
999043 
941699 
999044 
941700 
999045 
999046 
999047 
999048 
999049 
999050 
999051 
999052 
999053 
999054 
999055 
999056 
999057 
999058 
941717 
941718 
999063 
941719 
941720 
941721 
999067 
999068 
999069 
999073 
999074 
999075 
999076 
999077 
999078 
999079 
999080 
999081 
999082 
999083 
999084 
999085 
999086 
999087 
999088 
999089 
999090 
999091 
999092 
999093 
999094 
999095 
999096 
999099 
999100 
958140 
999101 
958141 
999102 
958142 
958143 
958144 
958145 
999106 
958146 
958147 
999108 
958148 
999109 
958149 
999110 
958150 
958151 
999112 
958152 
958153 
958154 
999115 
958155 
958156 
958157 
999118 
958158 
999119 
958159 
999120 
958160 
958161 
999122 
958162 
999123 
958163 
999124 
999125 
999126 
999127 
999128 
999129 
999130 
999131 
999132 
999133 
999134 
950075 
950076 
950077 
950078 
950079 
950082 
950085 
950086 
950087 
950088 
950092 
950098 
950099 
950100 
950101 
950102 
982912 
982913 
982914 
982915 
982916 
982917 
982919 
982923 
982927 
982928 
982929 
982930 
982931 
982932 
982936 
982937 
982938 
982939 
982940 
950173 
982941 
982942 
950175 
982943 
982944 
999328 
982945 
999329 
982946 
999330 
950179 
982947 
999331 
950180 
982948 
999332 
950181 
982949 
999333 
950182 
982950 
950183 
982951 
999335 
950184 
982952 
950185 
982953 
982954 
999338 
982955 
982956 
982957 
999341 
950190 
982958 
999342 
982959 
999343 
982960 
999344 
950193 
982961 
950194 
982962 
950195 
982963 
999347 
950196 
982964 
999348 
950197 
982965 
999349 
982966 
999350 
982967 
999351 
999352 
999353 
999354 
999355 
982972 
999356 
999357 
999358 
999359 
982976 
999360 
999363 
982980 
982981 
982982 
982983 
999367 
982984 
999368 
982985 
999369 
982986 
982987 
982988 
999372 
982989 
999373 
982990 
999374 
982991 
999375 
982992 
999376 
982993 
999377 
982994 
999378 
982995 
999379 
982996 
999380 
982997 
999381 
982998 
999382 
982999 
999383 
983000 
999384 
983001 
999385 
983002 
999386 
983003 
999387 
983004 
999388 
999389 
983006 
999390 
999391 
999392 
983009 
999393 
999394 
999395 
983012 
999396 
983013 
999397 
983014 
999398 
999399 
983016 
983017 
999401 
983018 
999402 
983019 
999403 
983020 
999404 
999405 
999406 
983023 
999407 
983024 
999408 
983025 
999409 
999410 
983027 
999411 
999412 
999413 
999414 
983031 
983032 
999416 
983033 
999417 
983034 
983035 
999419 
983036 
999420 
983037 
999421 
983038 
999422 
983039 
999423 
)

// ************************************************************************* //
