1.000000e+00	1.488875e-01	9.995483e-01	2.999437e+01	0.000000e+00	0.000000e+00	0.000000e+00
2.000000e+00	1.488875e-01	9.998573e-01	5.191746e+00	0.000000e+00	0.000000e+00	0.000000e+00
3.000000e+00	1.488875e-01	9.999794e-01	6.300359e-01	0.000000e+00	0.000000e+00	0.000000e+00
4.000000e+00	1.488875e-01	9.999994e-01	-1.501113e+00	0.000000e+00	0.000000e+00	0.000000e+00
5.000000e+00	1.488875e-01	1.000000e+00	-2.268705e+00	3.857246e-36	3.297467e-36	2.890289e-37
6.000000e+00	1.488875e-01	1.000000e+00	-4.254793e+00	-2.688479e-18	-3.164029e-18	-3.566271e-19
7.000000e+00	1.488875e-01	1.000000e+00	-5.753750e+00	-3.330195e-09	-2.630920e-09	-7.779431e-10
8.000000e+00	1.488875e-01	1.000000e+00	-5.990064e+00	-1.036833e-07	-6.334789e-08	-2.299919e-08
9.000000e+00	1.488875e-01	1.000000e+00	-2.218508e+00	2.502195e-08	1.216025e-08	5.387121e-09
1.000000e+01	1.488875e-01	1.000000e+00	-2.139136e-01	1.004439e-06	4.020221e-07	2.110715e-07
1.100000e+01	1.488875e-01	1.000000e+00	2.040699e+00	4.171720e-06	1.410073e-06	8.614107e-07
1.200000e+01	1.488875e-01	1.000000e+00	-1.542987e+00	6.927030e-07	2.009074e-07	1.412694e-07
1.300000e+01	1.488875e-01	1.000000e+00	-6.808794e-01	2.089215e-06	5.270598e-07	4.221399e-07
1.400000e+01	1.488875e-01	1.000000e+00	-1.667866e-01	3.755680e-06	8.327180e-07	7.535407e-07
1.500000e+01	1.488875e-01	1.000000e+00	1.510245e-02	4.958585e-06	9.753167e-07	9.893992e-07
1.600000e+01	1.488875e-01	1.000000e+00	1.265147e-01	6.293490e-06	1.106399e-06	1.250311e-06
1.700000e+01	1.488875e-01	1.000000e+00	-4.646519e-01	5.110459e-06	8.082327e-07	1.011725e-06
1.800000e+01	1.488875e-01	1.000000e+00	-1.807867e-01	6.899801e-06	9.879104e-07	1.361989e-06
1.900000e+01	1.488875e-01	1.000000e+00	-1.659054e-01	7.698697e-06	1.003981e-06	1.515951e-06
2.000000e+01	1.488875e-01	1.000000e+00	4.794253e-02	9.974516e-06	1.191837e-06	1.959930e-06
2.100000e+01	1.488875e-01	1.000000e+00	6.141616e-01	1.491442e-05	1.642495e-06	2.925222e-06
2.200000e+01	1.488875e-01	1.000000e+00	-7.289145e-02	1.123256e-05	1.146827e-06	2.199557e-06
2.300000e+01	1.488875e-01	1.000000e+00	-4.137465e-01	1.016090e-05	9.673482e-07	1.986904e-06
2.400000e+01	1.488875e-01	1.000000e+00	-4.695220e-01	1.063404e-05	9.493619e-07	2.076864e-06
2.500000e+01	1.488875e-01	1.000000e+00	1.585453e-01	1.641285e-05	1.381853e-06	3.201987e-06
2.600000e+01	1.488875e-01	1.000000e+00	-3.405054e-03	1.588592e-05	1.268589e-06	3.096167e-06
2.700000e+01	1.488875e-01	1.000000e+00	2.539943e-01	1.997224e-05	1.521767e-06	3.889200e-06
2.800000e+01	1.488875e-01	1.000000e+00	-1.161709e+00	7.708017e-06	5.636973e-07	1.499809e-06
2.900000e+01	1.488875e-01	1.000000e+00	3.498741e-02	2.010765e-05	1.420111e-06	3.909739e-06
3.000000e+01	1.488875e-01	1.000000e+00	2.240162e-01	2.324177e-05	1.595341e-06	4.516239e-06
3.100000e+01	1.488875e-01	1.000000e+00	5.349211e-01	2.876396e-05	1.931358e-06	5.586034e-06
3.200000e+01	1.488875e-01	1.000000e+00	1.638793e-01	2.507640e-05	1.657960e-06	4.867320e-06
3.300000e+01	1.488875e-01	1.000000e+00	1.742263e-01	2.605534e-05	1.707569e-06	5.054896e-06
3.400000e+01	1.488875e-01	1.000000e+00	5.442486e-01	3.315085e-05	2.167834e-06	6.428687e-06
3.500000e+01	1.488875e-01	1.000000e+00	-2.673494e-01	2.161040e-05	1.419287e-06	4.189123e-06
3.600000e+01	1.488875e-01	1.000000e+00	-1.087342e+00	1.213287e-05	8.053422e-07	2.351131e-06
3.700000e+01	1.488875e-01	1.000000e+00	-1.081636e+00	1.253043e-05	8.457028e-07	2.427453e-06
3.800000e+01	1.488875e-01	1.000000e+00	2.544486e-01	3.284532e-05	2.266790e-06	6.361330e-06
3.900000e+01	1.488875e-01	1.000000e+00	8.203508e-01	4.330442e-05	3.072050e-06	8.385242e-06
4.000000e+01	1.488875e-01	1.000000e+00	1.855119e-01	3.337347e-05	2.445065e-06	6.461205e-06
4.100000e+01	1.488875e-01	1.000000e+00	-3.386674e-01	2.537851e-05	1.928330e-06	4.912785e-06
4.200000e+01	1.488875e-01	1.000000e+00	4.176721e-02	3.216979e-05	2.544452e-06	6.227031e-06
4.300000e+01	1.488875e-01	1.000000e+00	6.195736e-02	3.344728e-05	2.762607e-06	6.474194e-06
4.400000e+01	1.488875e-01	1.000000e+00	1.255277e-01	3.538607e-05	3.060136e-06	6.849684e-06
4.500000e+01	1.488875e-01	1.000000e+00	-2.805126e-01	2.835467e-05	2.572800e-06	5.489049e-06
4.600000e+01	1.488875e-01	1.000000e+00	1.994954e-02	3.416938e-05	3.258548e-06	6.615539e-06
4.700000e+01	1.488875e-01	1.000000e+00	3.444539e-03	3.438733e-05	3.450939e-06	6.658927e-06
4.800000e+01	1.488875e-01	1.000000e+00	1.254615e-01	3.782105e-05	3.997946e-06	7.325532e-06
4.900000e+01	1.488875e-01	1.000000e+00	3.489665e-01	4.341193e-05	4.836151e-06	8.410775e-06
5.000000e+01	1.488875e-01	1.000000e+00	6.808977e-02	3.769475e-05	4.426322e-06	7.305505e-06
5.100000e+01	1.488875e-01	1.000000e+00	-8.131762e-02	3.463440e-05	4.286851e-06	6.714882e-06
5.200000e+01	1.488875e-01	1.000000e+00	-3.612744e-01	3.002923e-05	3.916856e-06	5.824446e-06
5.300000e+01	1.488875e-01	1.000000e+00	4.433360e-01	4.753728e-05	6.531497e-06	9.224528e-06
5.400000e+01	1.488875e-01	1.000000e+00	-4.451300e-02	3.666288e-05	5.303161e-06	7.117991e-06
5.500000e+01	1.488875e-01	1.000000e+00	-2.795095e-02	3.737872e-05	5.687635e-06	7.260997e-06
5.600000e+01	1.488875e-01	1.000000e+00	-8.659555e-02	3.595447e-05	5.750249e-06	6.988498e-06
5.700000e+01	1.488875e-01	1.000000e+00	-1.313608e-01	3.522235e-05	5.915309e-06	6.850556e-06
5.800000e+01	1.488875e-01	1.000000e+00	-4.179799e-01	3.004757e-05	5.293569e-06	5.848030e-06
5.900000e+01	1.488875e-01	1.000000e+00	-2.095317e-02	3.804392e-05	7.024432e-06	7.409572e-06
6.000000e+01	1.488875e-01	1.000000e+00	1.343416e-01	4.215823e-05	8.151228e-06	8.216960e-06
6.100000e+01	1.488875e-01	1.000000e+00	-4.651675e-01	2.986379e-05	6.040043e-06	5.825160e-06
6.200000e+01	1.488875e-01	1.000000e+00	3.699208e-01	4.827336e-05	1.020222e-05	9.423600e-06
6.300000e+01	1.488875e-01	1.000000e+00	1.995150e+00	9.657458e-05	2.041487e-05	1.885272e-05
6.400000e+01	1.488875e-01	1.000000e+00	1.463037e+00	7.799346e-05	1.761170e-05	1.524342e-05
6.500000e+01	1.488875e-01	1.000000e+00	1.214000e+00	7.313076e-05	1.731072e-05	1.430690e-05
6.600000e+01	1.488875e-01	1.000000e+00	5.488978e-01	5.748206e-05	1.424628e-05	1.125679e-05
6.700000e+01	1.488875e-01	1.000000e+00	4.838517e-01	5.609568e-05	1.452991e-05	1.099691e-05
6.800000e+01	1.488875e-01	1.000000e+00	2.633196e-01	5.055835e-05	1.367399e-05	9.922511e-06
6.900000e+01	1.488875e-01	1.000000e+00	-2.072372e-01	4.227659e-05	1.192029e-05	8.306636e-06
7.000000e+01	1.488875e-01	1.000000e+00	9.685095e-02	4.724364e-05	1.385883e-05	9.293078e-06
7.100000e+01	1.488875e-01	1.000000e+00	-2.836247e-01	4.060878e-05	1.236743e-05	7.996775e-06
7.200000e+01	1.488875e-01	1.000000e+00	-4.998152e-01	3.687423e-05	1.163643e-05	7.269169e-06
7.300000e+01	1.488875e-01	1.000000e+00	-8.842071e-01	2.828244e-05	9.229273e-06	5.581284e-06
7.400000e+01	1.488875e-01	1.000000e+00	-3.006889e-01	4.069728e-05	1.372907e-05	8.039888e-06
7.500000e+01	1.488875e-01	1.000000e+00	-4.031610e-01	3.870339e-05	1.349386e-05	7.654267e-06
7.600000e+01	1.488875e-01	1.000000e+00	1.756330e-01	4.936358e-05	1.776472e-05	9.772961e-06
7.700000e+01	1.488875e-01	1.000000e+00	-5.888835e-01	3.461836e-05	1.284358e-05	6.861012e-06
7.800000e+01	1.488875e-01	1.000000e+00	-4.058104e-01	3.910879e-05	1.494218e-05	7.759191e-06
7.900000e+01	1.488875e-01	1.000000e+00	-4.206291e-01	3.878496e-05	1.524695e-05	7.703125e-06
8.000000e+01	1.488875e-01	1.000000e+00	-3.820553e-01	3.946111e-05	1.594891e-05	7.845819e-06
8.100000e+01	1.488875e-01	1.000000e+00	1.460356e-01	4.867217e-05	2.021166e-05	9.687680e-06
8.200000e+01	1.488875e-01	1.000000e+00	-2.226167e-01	4.270735e-05	1.820935e-05	8.509707e-06
8.300000e+01	1.488875e-01	1.000000e+00	8.286927e-01	6.445797e-05	2.819798e-05	1.285766e-05
8.400000e+01	1.488875e-01	1.000000e+00	3.037239e-01	5.207436e-05	2.335786e-05	1.039886e-05
8.500000e+01	1.488875e-01	1.000000e+00	-3.224518e-01	4.050453e-05	1.863175e-05	8.097691e-06
8.600000e+01	1.488875e-01	1.000000e+00	-4.802405e-01	3.727842e-05	1.758697e-05	7.461469e-06
8.700000e+01	1.488875e-01	1.000000e+00	-3.539488e-01	3.965601e-05	1.917866e-05	7.946679e-06
8.800000e+01	1.488875e-01	1.000000e+00	-2.058062e-01	4.240564e-05	2.100842e-05	8.507593e-06
8.900000e+01	1.488875e-01	1.000000e+00	5.092562e-01	5.721917e-05	2.901573e-05	1.149283e-05
9.000000e+01	1.488875e-01	1.000000e+00	-4.368685e-01	3.818560e-05	1.980723e-05	7.678641e-06
9.100000e+01	1.488875e-01	1.000000e+00	-7.515417e-01	3.025935e-05	1.604603e-05	6.091749e-06
9.200000e+01	1.488875e-01	1.000000e+00	-4.445307e-01	3.793030e-05	2.055217e-05	7.644791e-06
9.300000e+01	1.488875e-01	1.000000e+00	-8.699428e-02	4.503972e-05	2.492398e-05	9.088060e-06
9.400000e+01	1.488875e-01	1.000000e+00	-1.180747e+00	2.407607e-05	1.360108e-05	4.863589e-06
9.500000e+01	1.488875e-01	1.000000e+00	-3.734645e-01	3.945091e-05	2.274275e-05	7.978556e-06
9.600000e+01	1.488875e-01	1.000000e+00	1.564812e-01	4.761954e-05	2.800277e-05	9.641576e-06
9.700000e+01	1.488875e-01	1.000000e+00	-2.787648e-01	4.037157e-05	2.420807e-05	8.183403e-06
9.800000e+01	1.488875e-01	1.000000e+00	2.412052e-01	4.973548e-05	3.040004e-05	1.009300e-05
9.900000e+01	1.488875e-01	1.000000e+00	4.962839e-01	5.636015e-05	3.510488e-05	1.145044e-05
1.000000e+02	1.488875e-01	1.000000e+00	-1.030860e-01	4.437392e-05	2.815791e-05	9.025589e-06
1.010000e+02	1.488875e-01	1.000000e+00	-1.959154e-02	4.598236e-05	2.971952e-05	9.363525e-06
1.020000e+02	1.488875e-01	1.000000e+00	-1.298953e-01	4.375024e-05	2.879586e-05	8.919333e-06
1.030000e+02	1.488875e-01	1.000000e+00	-4.859063e-01	3.663867e-05	2.456151e-05	7.478392e-06
1.040000e+02	1.488875e-01	1.000000e+00	1.432240e-01	4.776162e-05	3.261738e-05	9.760647e-06
1.050000e+02	1.488875e-01	1.000000e+00	-1.016734e-02	4.536884e-05	3.156749e-05	9.283284e-06
1.060000e+02	1.488875e-01	1.000000e+00	-8.323115e-02	4.430055e-05	3.139570e-05	9.076075e-06
1.070000e+02	1.488875e-01	1.000000e+00	-1.394462e-01	4.334327e-05	3.127546e-05	8.891069e-06
1.080000e+02	1.488875e-01	1.000000e+00	-3.960393e-01	3.843873e-05	2.822952e-05	7.894824e-06
1.090000e+02	1.488875e-01	1.000000e+00	2.997513e-01	5.071930e-05	3.789811e-05	1.043005e-05
1.100000e+02	1.488875e-01	1.000000e+00	1.844056e-01	4.771510e-05	3.626416e-05	9.824453e-06
1.110000e+02	1.488875e-01	1.000000e+00	2.684720e-01	4.991023e-05	3.857225e-05	1.028920e-05
1.120000e+02	1.488875e-01	1.000000e+00	-3.761644e-02	4.499136e-05	3.534430e-05	9.286609e-06
1.130000e+02	1.488875e-01	1.000000e+00	-8.072912e-01	2.887115e-05	2.304836e-05	5.966606e-06
1.140000e+02	1.488875e-01	1.000000e+00	1.363741e+00	7.432571e-05	5.934058e-05	1.536050e-05
1.150000e+02	1.488875e-01	1.000000e+00	7.546562e-01	6.068269e-05	4.973004e-05	1.256638e-05
1.160000e+02	1.488875e-01	1.000000e+00	2.737850e-01	4.966440e-05	4.142934e-05	1.029937e-05
1.170000e+02	1.488875e-01	1.000000e+00	-4.110890e-01	3.757322e-05	3.188978e-05	7.803027e-06
1.180000e+02	1.488875e-01	1.000000e+00	-9.514063e-02	4.373997e-05	3.775336e-05	9.096596e-06
1.190000e+02	1.488875e-01	1.000000e+00	-3.632528e+00	-6.247564e-06	-5.479023e-06	-1.301080e-06
1.200000e+02	1.488875e-01	1.000000e+00	-2.892812e+00	-3.177105e-07	-2.828148e-07	-6.625034e-08
1.210000e+02	1.488875e-01	1.000000e+00	-2.850159e+00	4.398455e-07	3.973252e-07	9.183750e-08
1.220000e+02	1.488875e-01	1.000000e+00	-2.131783e+00	8.479372e-06	7.772419e-06	1.772717e-06
1.230000e+02	1.488875e-01	1.000000e+00	1.747047e-01	4.763664e-05	4.431480e-05	9.971975e-06
1.240000e+02	1.488875e-01	1.000000e+00	-4.243040e-01	3.656910e-05	3.452506e-05	7.665136e-06
1.250000e+02	1.488875e-01	1.000000e+00	-7.550585e-01	2.927979e-05	2.804196e-05	6.145070e-06
1.260000e+02	1.488875e-01	1.000000e+00	-1.560233e+00	1.719929e-05	1.670060e-05	3.614171e-06
1.270000e+02	1.488875e-01	1.000000e+00	-1.416199e-01	4.238778e-05	4.171404e-05	8.918080e-06
1.280000e+02	1.488875e-01	1.000000e+00	-2.852916e-02	4.420821e-05	4.408003e-05	9.312418e-06
1.290000e+02	1.488875e-01	1.000000e+00	-8.611818e-01	2.718482e-05	2.745819e-05	5.733421e-06
1.300000e+02	1.488875e-01	1.000000e+00	-3.369361e-01	3.780321e-05	3.867081e-05	7.982563e-06
1.310000e+02	1.488875e-01	1.000000e+00	-1.334580e-01	4.217452e-05	4.368526e-05	8.916406e-06
1.320000e+02	1.488875e-01	1.000000e+00	1.896535e-01	4.653238e-05	4.879700e-05	9.849641e-06
1.330000e+02	1.488875e-01	1.000000e+00	-5.598995e-01	3.362713e-05	3.569518e-05	7.126568e-06
1.340000e+02	1.488875e-01	1.000000e+00	-6.427050e-01	3.135737e-05	3.368768e-05	6.653575e-06
1.350000e+02	1.488875e-01	1.000000e+00	-3.727335e-01	3.741118e-05	4.067019e-05	7.947699e-06
1.360000e+02	1.488875e-01	1.000000e+00	-1.314431e-01	4.192544e-05	4.611405e-05	8.917465e-06
1.370000e+02	1.488875e-01	1.000000e+00	-2.765439e-01	3.906502e-05	4.346758e-05	8.319082e-06
1.380000e+02	1.488875e-01	1.000000e+00	2.174505e-01	4.692124e-05	5.280928e-05	1.000414e-05
1.390000e+02	1.488875e-01	1.000000e+00	-4.927009e-02	4.362188e-05	4.965374e-05	9.311873e-06
1.400000e+02	1.488875e-01	1.000000e+00	-4.343489e-01	3.611577e-05	4.157178e-05	7.718831e-06
1.410000e+02	1.488875e-01	1.000000e+00	-6.993979e-01	3.004859e-05	3.497271e-05	6.429846e-06
1.420000e+02	1.488875e-01	1.000000e+00	-5.623478e-01	3.269003e-05	3.846599e-05	7.003467e-06
1.430000e+02	1.488875e-01	1.000000e+00	-3.203889e-01	3.732705e-05	4.440180e-05	8.006514e-06
1.440000e+02	1.488875e-01	1.000000e+00	1.847892e-02	4.368154e-05	5.252285e-05	9.380793e-06
1.450000e+02	1.488875e-01	1.000000e+00	2.664650e-01	4.773961e-05	5.801777e-05	1.026460e-05
1.460000e+02	1.488875e-01	1.000000e+00	-1.731724e-01	4.042721e-05	4.965370e-05	8.702809e-06
1.470000e+02	1.488875e-01	1.000000e+00	-3.853690e-01	3.681980e-05	4.570061e-05	7.935793e-06
1.480000e+02	1.488875e-01	1.000000e+00	-1.498776e-01	4.098870e-05	5.140849e-05	8.844981e-06
1.490000e+02	1.488875e-01	1.000000e+00	-9.349272e-01	2.537343e-05	3.215505e-05	5.481971e-06
1.500000e+02	1.488875e-01	1.000000e+00	-1.600715e-01	4.058576e-05	5.196528e-05	8.779245e-06
1.510000e+02	1.488875e-01	1.000000e+00	-1.936260e-01	4.024100e-05	5.205335e-05	8.715236e-06
1.520000e+02	1.488875e-01	1.000000e+00	2.674571e-01	4.769976e-05	6.233188e-05	1.034320e-05
1.530000e+02	1.488875e-01	1.000000e+00	4.381279e-01	5.146525e-05	6.793523e-05	1.117333e-05
1.540000e+02	1.488875e-01	1.000000e+00	-3.508690e-01	3.651142e-05	4.868232e-05	7.936491e-06
1.550000e+02	1.488875e-01	1.000000e+00	-1.892496e-01	3.978231e-05	5.357586e-05	8.658100e-06
1.560000e+02	1.488875e-01	1.000000e+00	-6.313387e-01	3.076290e-05	4.184187e-05	6.703366e-06
1.570000e+02	1.488875e-01	1.000000e+00	9.629181e-02	4.364285e-05	5.994853e-05	9.521688e-06
1.580000e+02	1.488875e-01	1.000000e+00	-2.647876e-01	3.804378e-05	5.277225e-05	8.310378e-06
1.590000e+02	1.488875e-01	1.000000e+00	8.813006e-03	4.320757e-05	6.052217e-05	9.450070e-06
1.600000e+02	1.488875e-01	1.000000e+00	1.380614e-01	4.389845e-05	6.208864e-05	9.613106e-06
1.610000e+02	1.488875e-01	1.000000e+00	-4.531971e-01	3.498438e-05	4.995983e-05	7.670606e-06
1.620000e+02	1.488875e-01	1.000000e+00	1.442756e-01	4.400240e-05	6.344287e-05	9.659934e-06
1.630000e+02	1.488875e-01	1.000000e+00	-4.876314e-01	3.410595e-05	4.964466e-05	7.496728e-06
1.640000e+02	1.488875e-01	1.000000e+00	-2.431005e-01	3.829208e-05	5.626824e-05	8.427444e-06
1.650000e+02	1.488875e-01	1.000000e+00	-1.196904e-01	4.092136e-05	6.070031e-05	9.017442e-06
1.660000e+02	1.488875e-01	1.000000e+00	1.333004e-02	4.289393e-05	6.422396e-05	9.464040e-06
1.670000e+02	1.488875e-01	1.000000e+00	2.836192e-01	4.711192e-05	7.119770e-05	1.040782e-05
1.680000e+02	1.488875e-01	1.000000e+00	-2.283035e-01	3.837104e-05	5.852566e-05	8.487543e-06
1.690000e+02	1.488875e-01	1.000000e+00	-6.211231e-01	3.058194e-05	4.707485e-05	6.773195e-06
1.700000e+02	1.488875e-01	1.000000e+00	-1.576200e-01	3.993202e-05	6.202984e-05	8.855250e-06
1.710000e+02	1.488875e-01	1.000000e+00	-1.708686e-01	3.958625e-05	6.205157e-05	8.789731e-06
1.720000e+02	1.488875e-01	1.000000e+00	1.683175e-01	4.427818e-05	7.003320e-05	9.844043e-06
1.730000e+02	1.488875e-01	1.000000e+00	-3.515343e-02	4.226072e-05	6.744234e-05	9.407504e-06
1.740000e+02	1.488875e-01	1.000000e+00	3.308644e-01	4.792259e-05	7.716061e-05	1.068151e-05
1.750000e+02	1.488875e-01	1.000000e+00	2.901930e-01	4.682007e-05	7.605410e-05	1.044912e-05
1.760000e+02	1.488875e-01	1.000000e+00	-4.956424e-01	3.336058e-05	5.466869e-05	7.454832e-06
1.770000e+02	1.488875e-01	1.000000e+00	-5.914431e-01	3.102419e-05	5.128558e-05	6.941641e-06
1.780000e+02	1.488875e-01	1.000000e+00	-4.077670e-01	3.511055e-05	5.854632e-05	7.866063e-06
1.790000e+02	1.488875e-01	1.000000e+00	-5.699275e-01	3.166621e-05	5.325971e-05	7.103534e-06
1.800000e+02	1.488875e-01	1.000000e+00	-7.747602e-01	2.704934e-05	4.588590e-05	6.075671e-06
1.810000e+02	1.488875e-01	1.000000e+00	-3.903073e-02	4.207344e-05	7.198283e-05	9.462497e-06
1.820000e+02	1.488875e-01	1.000000e+00	1.007661e-01	4.259305e-05	7.349085e-05	9.591733e-06
1.830000e+02	1.488875e-01	1.000000e+00	5.135760e-02	4.229038e-05	7.358471e-05	9.535887e-06
