/*--------------------------------*- C++ -*----------------------------------*\
  =========                 |
  \\      /  F ield         | OpenFOAM: The Open Source CFD Toolbox
   \\    /   O peration     | Website:  https://openfoam.org
    \\  /    A nd           | Version:  dev
     \\/     M anipulation  |
\*---------------------------------------------------------------------------*/
FoamFile
{
    format      ascii;
    class       regIOobject;
    location    "constant/polyMesh";
    object      faceZones;
}
// * * * * * * * * * * * * * * * * * * * * * * * * * * * * * * * * * * * * * //

2
(
inside_to_hubinside_to_hub_copyCutFaceZone
{
    type faceZone;
faceLabels      List<label> 
1818
(
7346
7353
7360
7367
7374
7381
7385
7389
7393
7397
7401
7405
7409
7413
7417
7421
7424
7938
7941
7944
7947
7950
7953
7956
7959
7962
7965
7968
7971
7974
7977
7980
7983
7985
8550
8553
8556
8559
8562
8565
8568
8571
8574
8577
8580
8583
8586
8589
8592
8595
8597
9162
9165
9168
9171
9174
9177
9180
9183
9186
9189
9192
9195
9198
9201
9204
9207
9209
9774
9777
9780
9783
9786
9789
9792
9795
9798
9801
9804
9807
9810
9813
9816
9819
9821
10386
10389
10392
10395
10398
10401
10404
10407
10410
10413
10416
10419
10422
10425
10428
10431
10433
69682
69686
69690
69694
69698
69702
69706
69710
69714
69718
69722
69726
69730
69734
69738
69742
69746
69750
69753
70327
70330
70333
70336
70339
70342
70345
70348
70351
70354
70357
70360
70363
70366
70369
70372
70375
70378
70380
71011
71014
71017
71020
71023
71026
71029
71032
71035
71038
71041
71044
71047
71050
71053
71056
71059
71062
71064
71695
71698
71701
71704
71707
71710
71713
71716
71719
71722
71725
71728
71731
71734
71737
71740
71743
71746
71748
72379
72382
72385
72388
72391
72394
72397
72400
72403
72406
72409
72412
72415
72418
72421
72424
72427
72430
72432
73063
73066
73069
73072
73075
73078
73081
73084
73087
73090
73093
73096
73099
73102
73105
73108
73111
73114
73116
146356
146360
146364
146368
146372
146376
146380
146384
146388
146392
146396
146400
146404
146408
146412
146416
146420
146424
146428
146432
146436
146440
146444
146448
146452
146456
146460
146464
146468
146472
146476
146480
146484
146488
146492
146496
146500
146504
146508
146512
146516
146520
146523
147817
147820
147823
147826
147829
147832
147835
147838
147841
147844
147847
147850
147853
147856
147859
147862
147865
147868
147871
147874
147877
147880
147883
147886
147889
147892
147895
147898
147901
147904
147907
147910
147913
147916
147919
147922
147925
147928
147931
147934
147937
147940
147942
149365
149368
149371
149374
149377
149380
149383
149386
149389
149392
149395
149398
149401
149404
149407
149410
149413
149416
149419
149422
149425
149428
149431
149434
149437
149440
149443
149446
149449
149452
149455
149458
149461
149464
149467
149470
149473
149476
149479
149482
149485
149488
149490
150913
150916
150919
150922
150925
150928
150931
150934
150937
150940
150943
150946
150949
150952
150955
150958
150961
150964
150967
150970
150973
150976
150979
150982
150985
150988
150991
150994
150997
151000
151003
151006
151009
151012
151015
151018
151021
151024
151027
151030
151033
151036
151038
152461
152464
152467
152470
152473
152476
152479
152482
152485
152488
152491
152494
152497
152500
152503
152506
152509
152512
152515
152518
152521
152524
152527
152530
152533
152536
152539
152542
152545
152548
152551
152554
152557
152560
152563
152566
152569
152572
152575
152578
152581
152584
152586
154009
154012
154015
154018
154021
154024
154027
154030
154033
154036
154039
154042
154045
154048
154051
154054
154057
154060
154063
154066
154069
154072
154075
154078
154081
154084
154087
154090
154093
154096
154099
154102
154105
154108
154111
154114
154117
154120
154123
154126
154129
154132
154134
277894
277898
277902
277906
277910
277914
277918
277922
277926
277930
277934
277938
277942
277946
277950
277954
277958
277962
277966
277970
277974
277978
277982
277986
277990
277994
277998
278002
278006
278010
278014
278018
278022
278026
278030
278034
278038
278042
278046
278050
278054
278058
278061
279355
279358
279361
279364
279367
279370
279373
279376
279379
279382
279385
279388
279391
279394
279397
279400
279403
279406
279409
279412
279415
279418
279421
279424
279427
279430
279433
279436
279439
279442
279445
279448
279451
279454
279457
279460
279463
279466
279469
279472
279475
279478
279480
280903
280906
280909
280912
280915
280918
280921
280924
280927
280930
280933
280936
280939
280942
280945
280948
280951
280954
280957
280960
280963
280966
280969
280972
280975
280978
280981
280984
280987
280990
280993
280996
280999
281002
281005
281008
281011
281014
281017
281020
281023
281026
281028
282451
282454
282457
282460
282463
282466
282469
282472
282475
282478
282481
282484
282487
282490
282493
282496
282499
282502
282505
282508
282511
282514
282517
282520
282523
282526
282529
282532
282535
282538
282541
282544
282547
282550
282553
282556
282559
282562
282565
282568
282571
282574
282576
283999
284002
284005
284008
284011
284014
284017
284020
284023
284026
284029
284032
284035
284038
284041
284044
284047
284050
284053
284056
284059
284062
284065
284068
284071
284074
284077
284080
284083
284086
284089
284092
284095
284098
284101
284104
284107
284110
284113
284116
284119
284122
284124
285547
285550
285553
285556
285559
285562
285565
285568
285571
285574
285577
285580
285583
285586
285589
285592
285595
285598
285601
285604
285607
285610
285613
285616
285619
285622
285625
285628
285631
285634
285637
285640
285643
285646
285649
285652
285655
285658
285661
285664
285667
285670
285672
402952
402956
402960
402964
402968
402972
402976
402980
402984
402988
402992
402996
403000
403004
403008
403012
403016
403020
403024
403028
403032
403036
403040
403044
403048
403052
403056
403059
403903
403906
403909
403912
403915
403918
403921
403924
403927
403930
403933
403936
403939
403942
403945
403948
403951
403954
403957
403960
403963
403966
403969
403972
403975
403978
403981
403983
404911
404914
404917
404920
404923
404926
404929
404932
404935
404938
404941
404944
404947
404950
404953
404956
404959
404962
404965
404968
404971
404974
404977
404980
404983
404986
404989
404991
405919
405922
405925
405928
405931
405934
405937
405940
405943
405946
405949
405952
405955
405958
405961
405964
405967
405970
405973
405976
405979
405982
405985
405988
405991
405994
405997
405999
406927
406930
406933
406936
406939
406942
406945
406948
406951
406954
406957
406960
406963
406966
406969
406972
406975
406978
406981
406984
406987
406990
406993
406996
406999
407002
407005
407007
407935
407938
407941
407944
407947
407950
407953
407956
407959
407962
407965
407968
407971
407974
407977
407980
407983
407986
407989
407992
407995
407998
408001
408004
408007
408010
408013
408015
493720
493724
493728
493732
493736
493740
493744
493748
493752
493756
493760
493764
493768
493772
493776
493780
493784
493788
493792
493796
493800
493804
493808
493812
493816
493820
493824
493827
494671
494674
494677
494680
494683
494686
494689
494692
494695
494698
494701
494704
494707
494710
494713
494716
494719
494722
494725
494728
494731
494734
494737
494740
494743
494746
494749
494751
495679
495682
495685
495688
495691
495694
495697
495700
495703
495706
495709
495712
495715
495718
495721
495724
495727
495730
495733
495736
495739
495742
495745
495748
495751
495754
495757
495759
496687
496690
496693
496696
496699
496702
496705
496708
496711
496714
496717
496720
496723
496726
496729
496732
496735
496738
496741
496744
496747
496750
496753
496756
496759
496762
496765
496767
497695
497698
497701
497704
497707
497710
497713
497716
497719
497722
497725
497728
497731
497734
497737
497740
497743
497746
497749
497752
497755
497758
497761
497764
497767
497770
497773
497775
498703
498706
498709
498712
498715
498718
498721
498724
498727
498730
498733
498736
498739
498742
498745
498748
498751
498754
498757
498760
498763
498766
498769
498772
498775
498778
498781
498783
584920
584924
584928
584932
584936
584940
584944
584948
584952
584956
584960
584964
584968
584972
584976
584980
584984
584988
584992
584996
585000
585004
585008
585012
585016
585020
585024
585028
585031
585905
585908
585911
585914
585917
585920
585923
585926
585929
585932
585935
585938
585941
585944
585947
585950
585953
585956
585959
585962
585965
585968
585971
585974
585977
585980
585983
585986
585988
586949
586952
586955
586958
586961
586964
586967
586970
586973
586976
586979
586982
586985
586988
586991
586994
586997
587000
587003
587006
587009
587012
587015
587018
587021
587024
587027
587030
587032
587993
587996
587999
588002
588005
588008
588011
588014
588017
588020
588023
588026
588029
588032
588035
588038
588041
588044
588047
588050
588053
588056
588059
588062
588065
588068
588071
588074
588076
589037
589040
589043
589046
589049
589052
589055
589058
589061
589064
589067
589070
589073
589076
589079
589082
589085
589088
589091
589094
589097
589100
589103
589106
589109
589112
589115
589118
589120
590081
590084
590087
590090
590093
590096
590099
590102
590105
590108
590111
590114
590117
590120
590123
590126
590129
590132
590135
590138
590141
590144
590147
590150
590153
590156
590159
590162
590164
678406
678410
678414
678418
678422
678426
678430
678434
678438
678442
678446
678450
678454
678458
678462
678466
678470
678474
678478
678482
678486
678490
678494
678498
678502
678506
678510
678514
678517
679391
679394
679397
679400
679403
679406
679409
679412
679415
679418
679421
679424
679427
679430
679433
679436
679439
679442
679445
679448
679451
679454
679457
679460
679463
679466
679469
679472
679474
680435
680438
680441
680444
680447
680450
680453
680456
680459
680462
680465
680468
680471
680474
680477
680480
680483
680486
680489
680492
680495
680498
680501
680504
680507
680510
680513
680516
680518
681479
681482
681485
681488
681491
681494
681497
681500
681503
681506
681509
681512
681515
681518
681521
681524
681527
681530
681533
681536
681539
681542
681545
681548
681551
681554
681557
681560
681562
682523
682526
682529
682532
682535
682538
682541
682544
682547
682550
682553
682556
682559
682562
682565
682568
682571
682574
682577
682580
682583
682586
682589
682592
682595
682598
682601
682604
682606
683567
683570
683573
683576
683579
683582
683585
683588
683591
683594
683597
683600
683603
683606
683609
683612
683615
683618
683621
683624
683627
683630
683633
683636
683639
683642
683645
683648
683650
788164
788168
788172
788176
788180
788184
788188
788192
788196
788200
788204
788208
788212
788216
788220
788224
788228
788232
788236
788240
788244
788248
788252
788256
788260
788264
788268
788272
788276
788280
788284
788288
788292
788296
788300
788304
788308
788312
788316
788320
788324
788328
788332
788336
788340
788344
788348
788352
788356
788360
788364
788368
788372
788376
788380
788384
788388
788392
788396
788400
788404
788408
788412
788416
788420
788424
788427
790430
790433
790436
790439
790442
790445
790448
790451
790454
790457
790460
790463
790466
790469
790472
790475
790478
790481
790484
790487
790490
790493
790496
790499
790502
790505
790508
790511
790514
790517
790520
790523
790526
790529
790532
790535
790538
790541
790544
790547
790550
790553
790556
790559
790562
790565
790568
790571
790574
790577
790580
790583
790586
790589
790592
790595
790598
790601
790604
790607
790610
790613
790616
790619
790622
790625
790627
792830
792833
792836
792839
792842
792845
792848
792851
792854
792857
792860
792863
792866
792869
792872
792875
792878
792881
792884
792887
792890
792893
792896
792899
792902
792905
792908
792911
792914
792917
792920
792923
792926
792929
792932
792935
792938
792941
792944
792947
792950
792953
792956
792959
792962
792965
792968
792971
792974
792977
792980
792983
792986
792989
792992
792995
792998
793001
793004
793007
793010
793013
793016
793019
793022
793025
793027
795230
795233
795236
795239
795242
795245
795248
795251
795254
795257
795260
795263
795266
795269
795272
795275
795278
795281
795284
795287
795290
795293
795296
795299
795302
795305
795308
795311
795314
795317
795320
795323
795326
795329
795332
795335
795338
795341
795344
795347
795350
795353
795356
795359
795362
795365
795368
795371
795374
795377
795380
795383
795386
795389
795392
795395
795398
795401
795404
795407
795410
795413
795416
795419
795422
795425
795427
797630
797633
797636
797639
797642
797645
797648
797651
797654
797657
797660
797663
797666
797669
797672
797675
797678
797681
797684
797687
797690
797693
797696
797699
797702
797705
797708
797711
797714
797717
797720
797723
797726
797729
797732
797735
797738
797741
797744
797747
797750
797753
797756
797759
797762
797765
797768
797771
797774
797777
797780
797783
797786
797789
797792
797795
797798
797801
797804
797807
797810
797813
797816
797819
797822
797825
797827
800030
800033
800036
800039
800042
800045
800048
800051
800054
800057
800060
800063
800066
800069
800072
800075
800078
800081
800084
800087
800090
800093
800096
800099
800102
800105
800108
800111
800114
800117
800120
800123
800126
800129
800132
800135
800138
800141
800144
800147
800150
800153
800156
800159
800162
800165
800168
800171
800174
800177
800180
800183
800186
800189
800192
800195
800198
800201
800204
800207
800210
800213
800216
800219
800222
800225
800227
)
;
flipMap         List<bool> 
1818
(
0
0
0
0
0
0
0
0
0
0
0
0
0
0
0
0
0
1
1
1
1
1
1
1
1
1
1
1
1
1
1
1
1
1
1
1
1
1
1
1
1
1
1
1
1
1
1
1
1
1
1
1
1
1
1
1
1
1
1
1
1
1
1
1
1
1
1
1
1
1
1
1
1
1
1
1
1
1
1
1
1
1
1
1
1
1
1
1
1
1
1
1
1
1
1
1
1
1
1
1
1
1
0
0
0
0
0
0
0
0
0
0
0
0
0
0
0
0
0
0
0
1
1
1
1
1
1
1
1
1
1
1
1
1
1
1
1
1
1
1
1
1
1
1
1
1
1
1
1
1
1
1
1
1
1
1
1
1
1
1
1
1
1
1
1
1
1
1
1
1
1
1
1
1
1
1
1
1
1
1
1
1
1
1
1
1
1
1
1
1
1
1
1
1
1
1
1
1
1
1
1
1
1
1
1
1
1
1
1
1
1
1
1
1
1
1
0
0
0
0
0
0
0
0
0
0
0
0
0
0
0
0
0
0
0
0
0
0
0
0
0
0
0
0
0
0
0
0
0
0
0
0
0
0
0
0
0
0
0
1
1
1
1
1
1
1
1
1
1
1
1
1
1
1
1
1
1
1
1
1
1
1
1
1
1
1
1
1
1
1
1
1
1
1
1
1
1
1
1
1
1
1
1
1
1
1
1
1
1
1
1
1
1
1
1
1
1
1
1
1
1
1
1
1
1
1
1
1
1
1
1
1
1
1
1
1
1
1
1
1
1
1
1
1
1
1
1
1
1
1
1
1
1
1
1
1
1
1
1
1
1
1
1
1
1
1
1
1
1
1
1
1
1
1
1
1
1
1
1
1
1
1
1
1
1
1
1
1
1
1
1
1
1
1
1
1
1
1
1
1
1
1
1
1
1
1
1
1
1
1
1
1
1
1
1
1
1
1
1
1
1
1
1
1
1
1
1
1
1
1
1
1
1
1
1
1
1
1
1
1
1
1
1
1
1
1
1
1
1
1
1
1
1
1
1
1
1
1
1
1
1
1
1
1
1
1
1
1
1
1
1
1
1
1
0
0
0
0
0
0
0
0
0
0
0
0
0
0
0
0
0
0
0
0
0
0
0
0
0
0
0
0
0
0
0
0
0
0
0
0
0
0
0
0
0
0
0
1
1
1
1
1
1
1
1
1
1
1
1
1
1
1
1
1
1
1
1
1
1
1
1
1
1
1
1
1
1
1
1
1
1
1
1
1
1
1
1
1
1
1
1
1
1
1
1
1
1
1
1
1
1
1
1
1
1
1
1
1
1
1
1
1
1
1
1
1
1
1
1
1
1
1
1
1
1
1
1
1
1
1
1
1
1
1
1
1
1
1
1
1
1
1
1
1
1
1
1
1
1
1
1
1
1
1
1
1
1
1
1
1
1
1
1
1
1
1
1
1
1
1
1
1
1
1
1
1
1
1
1
1
1
1
1
1
1
1
1
1
1
1
1
1
1
1
1
1
1
1
1
1
1
1
1
1
1
1
1
1
1
1
1
1
1
1
1
1
1
1
1
1
1
1
1
1
1
1
1
1
1
1
1
1
1
1
1
1
1
1
1
1
1
1
1
1
1
1
1
1
1
1
1
1
1
1
1
1
1
1
1
1
1
1
0
0
0
0
0
0
0
0
0
0
0
0
0
0
0
0
0
0
0
0
0
0
0
0
0
0
0
0
1
1
1
1
1
1
1
1
1
1
1
1
1
1
1
1
1
1
1
1
1
1
1
1
1
1
1
1
1
1
1
1
1
1
1
1
1
1
1
1
1
1
1
1
1
1
1
1
1
1
1
1
1
1
1
1
1
1
1
1
1
1
1
1
1
1
1
1
1
1
1
1
1
1
1
1
1
1
1
1
1
1
1
1
1
1
1
1
1
1
1
1
1
1
1
1
1
1
1
1
1
1
1
1
1
1
1
1
1
1
1
1
1
1
1
1
1
1
1
1
1
1
1
1
1
1
1
1
1
1
1
1
1
1
1
1
1
1
1
1
0
0
0
0
0
0
0
0
0
0
0
0
0
0
0
0
0
0
0
0
0
0
0
0
0
0
0
0
1
1
1
1
1
1
1
1
1
1
1
1
1
1
1
1
1
1
1
1
1
1
1
1
1
1
1
1
1
1
1
1
1
1
1
1
1
1
1
1
1
1
1
1
1
1
1
1
1
1
1
1
1
1
1
1
1
1
1
1
1
1
1
1
1
1
1
1
1
1
1
1
1
1
1
1
1
1
1
1
1
1
1
1
1
1
1
1
1
1
1
1
1
1
1
1
1
1
1
1
1
1
1
1
1
1
1
1
1
1
1
1
1
1
1
1
1
1
1
1
1
1
1
1
1
1
1
1
1
1
1
1
1
1
1
1
1
1
1
1
0
0
0
0
0
0
0
0
0
0
0
0
0
0
0
0
0
0
0
0
0
0
0
0
0
0
0
0
0
1
1
1
1
1
1
1
1
1
1
1
1
1
1
1
1
1
1
1
1
1
1
1
1
1
1
1
1
1
1
1
1
1
1
1
1
1
1
1
1
1
1
1
1
1
1
1
1
1
1
1
1
1
1
1
1
1
1
1
1
1
1
1
1
1
1
1
1
1
1
1
1
1
1
1
1
1
1
1
1
1
1
1
1
1
1
1
1
1
1
1
1
1
1
1
1
1
1
1
1
1
1
1
1
1
1
1
1
1
1
1
1
1
1
1
1
1
1
1
1
1
1
1
1
1
1
1
1
1
1
1
1
1
1
1
1
1
1
1
1
1
1
1
1
1
0
0
0
0
0
0
0
0
0
0
0
0
0
0
0
0
0
0
0
0
0
0
0
0
0
0
0
0
0
1
1
1
1
1
1
1
1
1
1
1
1
1
1
1
1
1
1
1
1
1
1
1
1
1
1
1
1
1
1
1
1
1
1
1
1
1
1
1
1
1
1
1
1
1
1
1
1
1
1
1
1
1
1
1
1
1
1
1
1
1
1
1
1
1
1
1
1
1
1
1
1
1
1
1
1
1
1
1
1
1
1
1
1
1
1
1
1
1
1
1
1
1
1
1
1
1
1
1
1
1
1
1
1
1
1
1
1
1
1
1
1
1
1
1
1
1
1
1
1
1
1
1
1
1
1
1
1
1
1
1
1
1
1
1
1
1
1
1
1
1
1
1
1
1
0
0
0
0
0
0
0
0
0
0
0
0
0
0
0
0
0
0
0
0
0
0
0
0
0
0
0
0
0
0
0
0
0
0
0
0
0
0
0
0
0
0
0
0
0
0
0
0
0
0
0
0
0
0
0
0
0
0
0
0
0
0
0
0
0
0
0
1
1
1
1
1
1
1
1
1
1
1
1
1
1
1
1
1
1
1
1
1
1
1
1
1
1
1
1
1
1
1
1
1
1
1
1
1
1
1
1
1
1
1
1
1
1
1
1
1
1
1
1
1
1
1
1
1
1
1
1
1
1
1
1
1
1
1
1
1
1
1
1
1
1
1
1
1
1
1
1
1
1
1
1
1
1
1
1
1
1
1
1
1
1
1
1
1
1
1
1
1
1
1
1
1
1
1
1
1
1
1
1
1
1
1
1
1
1
1
1
1
1
1
1
1
1
1
1
1
1
1
1
1
1
1
1
1
1
1
1
1
1
1
1
1
1
1
1
1
1
1
1
1
1
1
1
1
1
1
1
1
1
1
1
1
1
1
1
1
1
1
1
1
1
1
1
1
1
1
1
1
1
1
1
1
1
1
1
1
1
1
1
1
1
1
1
1
1
1
1
1
1
1
1
1
1
1
1
1
1
1
1
1
1
1
1
1
1
1
1
1
1
1
1
1
1
1
1
1
1
1
1
1
1
1
1
1
1
1
1
1
1
1
1
1
1
1
1
1
1
1
1
1
1
1
1
1
1
1
1
1
1
1
1
1
1
1
1
1
1
1
1
1
1
1
1
1
1
1
1
1
1
1
1
1
1
1
1
1
1
1
1
1
1
1
1
1
1
1
1
1
1
1
1
1
1
1
1
1
1
1
1
1
1
1
1
1
1
1
1
1
1
1
1
1
1
1
1
1
1
1
1
1
1
1
)
;
}

hub_to_rotorhub_to_rotor_copyCutFaceZone
{
    type faceZone;
faceLabels      List<label> 
6903
(
11046
11054
11063
11072
11081
11093
11102
11107
11112
11117
11122
11127
11132
11137
11142
11147
11151
11527
11532
11538
11544
11550
11559
11567
11571
11575
11579
11583
11587
11591
11595
11599
11603
11606
11916
11920
11925
11930
11935
11942
11949
11952
11955
11958
11961
11964
11967
11970
11973
11976
11978
12532
12536
12540
12544
12548
12552
12556
12560
12564
12568
12572
12576
12580
12584
12588
12592
12595
12855
12858
12861
12864
12867
12870
12873
12876
12879
12882
12885
12888
12891
12894
12897
12900
12902
13075
13077
13079
13081
13083
13085
13087
13089
13091
13093
13095
13097
13099
13101
13103
13105
13106
14368
14372
14376
14380
14384
14388
14392
14396
14400
14404
14408
14412
14416
14420
14424
14428
14431
14691
14694
14697
14700
14703
14706
14709
14712
14715
14718
14721
14724
14727
14730
14733
14736
14738
14911
14913
14915
14917
14919
14921
14923
14925
14927
14929
14931
14933
14935
14937
14939
14941
14942
16204
16208
16212
16216
16220
16224
16228
16232
16236
16240
16244
16248
16252
16256
16260
16264
16267
16527
16530
16533
16536
16539
16542
16545
16548
16551
16554
16557
16560
16563
16566
16569
16572
16574
16747
16749
16751
16753
16755
16757
16759
16761
16763
16765
16767
16769
16771
16773
16775
16777
16778
18040
18044
18048
18052
18056
18060
18064
18068
18072
18076
18080
18084
18088
18092
18096
18100
18103
18363
18366
18369
18372
18375
18378
18381
18384
18387
18390
18393
18396
18399
18402
18405
18408
18410
18583
18585
18587
18589
18591
18593
18595
18597
18599
18601
18603
18605
18607
18609
18611
18613
18614
19876
19880
19884
19888
19892
19896
19900
19904
19908
19912
19916
19920
19924
19928
19932
19936
19939
20199
20202
20205
20208
20211
20214
20217
20220
20223
20226
20229
20232
20235
20238
20241
20244
20246
20419
20421
20423
20425
20427
20429
20431
20433
20435
20437
20439
20441
20443
20445
20447
20449
20450
73787
73792
73797
73802
73807
73812
73817
73822
73827
73832
73837
73842
73847
73852
73857
73862
73867
73872
73876
74262
74266
74270
74274
74278
74282
74286
74290
74294
74298
74302
74306
74310
74314
74318
74322
74326
74330
74333
74622
74625
74628
74631
74634
74637
74640
74643
74646
74649
74652
74655
74658
74661
74664
74667
74670
74673
74675
75249
75253
75257
75261
75265
75269
75273
75277
75281
75285
75289
75293
75297
75301
75305
75309
75313
75317
75320
75610
75613
75616
75619
75622
75625
75628
75631
75634
75637
75640
75643
75646
75649
75652
75655
75658
75661
75663
75856
75858
75860
75862
75864
75866
75868
75870
75872
75874
75876
75878
75880
75882
75884
75886
75888
75890
75891
77301
77305
77309
77313
77317
77321
77325
77329
77333
77337
77341
77345
77349
77353
77357
77361
77365
77369
77372
77662
77665
77668
77671
77674
77677
77680
77683
77686
77689
77692
77695
77698
77701
77704
77707
77710
77713
77715
77908
77910
77912
77914
77916
77918
77920
77922
77924
77926
77928
77930
77932
77934
77936
77938
77940
77942
77943
79353
79357
79361
79365
79369
79373
79377
79381
79385
79389
79393
79397
79401
79405
79409
79413
79417
79421
79424
79714
79717
79720
79723
79726
79729
79732
79735
79738
79741
79744
79747
79750
79753
79756
79759
79762
79765
79767
79960
79962
79964
79966
79968
79970
79972
79974
79976
79978
79980
79982
79984
79986
79988
79990
79992
79994
79995
81405
81409
81413
81417
81421
81425
81429
81433
81437
81441
81445
81449
81453
81457
81461
81465
81469
81473
81476
81766
81769
81772
81775
81778
81781
81784
81787
81790
81793
81796
81799
81802
81805
81808
81811
81814
81817
81819
82012
82014
82016
82018
82020
82022
82024
82026
82028
82030
82032
82034
82036
82038
82040
82042
82044
82046
82047
83457
83461
83465
83469
83473
83477
83481
83485
83489
83493
83497
83501
83505
83509
83513
83517
83521
83525
83528
83818
83821
83824
83827
83830
83833
83836
83839
83842
83845
83848
83851
83854
83857
83860
83863
83866
83869
83871
84064
84066
84068
84070
84072
84074
84076
84078
84080
84082
84084
84086
84088
84090
84092
84094
84096
84098
84099
155645
155650
155655
155660
155665
155670
155675
155680
155685
155690
155695
155700
155705
155710
155715
155720
155725
155730
155735
155740
155745
155750
155755
155760
155765
155770
155775
155780
155785
155790
155795
155800
155805
155810
155815
155820
155825
155830
155835
155840
155845
155850
155854
156720
156724
156728
156732
156736
156740
156744
156748
156752
156756
156760
156764
156768
156772
156776
156780
156784
156788
156792
156796
156800
156804
156808
156812
156816
156820
156824
156828
156832
156836
156840
156844
156848
156852
156856
156860
156864
156868
156872
156876
156880
156884
156887
157536
157539
157542
157545
157548
157551
157554
157557
157560
157563
157566
157569
157572
157575
157578
157581
157584
157587
157590
157593
157596
157599
157602
157605
157608
157611
157614
157617
157620
157623
157626
157629
157632
157635
157638
157641
157644
157647
157650
157653
157656
157659
157661
158955
158959
158963
158967
158971
158975
158979
158983
158987
158991
158995
158999
159003
159007
159011
159015
159019
159023
159027
159031
159035
159039
159043
159047
159051
159055
159059
159063
159067
159071
159075
159079
159083
159087
159091
159095
159099
159103
159107
159111
159115
159119
159122
159772
159775
159778
159781
159784
159787
159790
159793
159796
159799
159802
159805
159808
159811
159814
159817
159820
159823
159826
159829
159832
159835
159838
159841
159844
159847
159850
159853
159856
159859
159862
159865
159868
159871
159874
159877
159880
159883
159886
159889
159892
159895
159897
160330
160332
160334
160336
160338
160340
160342
160344
160346
160348
160350
160352
160354
160356
160358
160360
160362
160364
160366
160368
160370
160372
160374
160376
160378
160380
160382
160384
160386
160388
160390
160392
160394
160396
160398
160400
160402
160404
160406
160408
160410
160412
160413
163599
163603
163607
163611
163615
163619
163623
163627
163631
163635
163639
163643
163647
163651
163655
163659
163663
163667
163671
163675
163679
163683
163687
163691
163695
163699
163703
163707
163711
163715
163719
163723
163727
163731
163735
163739
163743
163747
163751
163755
163759
163763
163766
164416
164419
164422
164425
164428
164431
164434
164437
164440
164443
164446
164449
164452
164455
164458
164461
164464
164467
164470
164473
164476
164479
164482
164485
164488
164491
164494
164497
164500
164503
164506
164509
164512
164515
164518
164521
164524
164527
164530
164533
164536
164539
164541
164974
164976
164978
164980
164982
164984
164986
164988
164990
164992
164994
164996
164998
165000
165002
165004
165006
165008
165010
165012
165014
165016
165018
165020
165022
165024
165026
165028
165030
165032
165034
165036
165038
165040
165042
165044
165046
165048
165050
165052
165054
165056
165057
168243
168247
168251
168255
168259
168263
168267
168271
168275
168279
168283
168287
168291
168295
168299
168303
168307
168311
168315
168319
168323
168327
168331
168335
168339
168343
168347
168351
168355
168359
168363
168367
168371
168375
168379
168383
168387
168391
168395
168399
168403
168407
168410
169060
169063
169066
169069
169072
169075
169078
169081
169084
169087
169090
169093
169096
169099
169102
169105
169108
169111
169114
169117
169120
169123
169126
169129
169132
169135
169138
169141
169144
169147
169150
169153
169156
169159
169162
169165
169168
169171
169174
169177
169180
169183
169185
169618
169620
169622
169624
169626
169628
169630
169632
169634
169636
169638
169640
169642
169644
169646
169648
169650
169652
169654
169656
169658
169660
169662
169664
169666
169668
169670
169672
169674
169676
169678
169680
169682
169684
169686
169688
169690
169692
169694
169696
169698
169700
169701
172887
172891
172895
172899
172903
172907
172911
172915
172919
172923
172927
172931
172935
172939
172943
172947
172951
172955
172959
172963
172967
172971
172975
172979
172983
172987
172991
172995
172999
173003
173007
173011
173015
173019
173023
173027
173031
173035
173039
173043
173047
173051
173054
173704
173707
173710
173713
173716
173719
173722
173725
173728
173731
173734
173737
173740
173743
173746
173749
173752
173755
173758
173761
173764
173767
173770
173773
173776
173779
173782
173785
173788
173791
173794
173797
173800
173803
173806
173809
173812
173815
173818
173821
173824
173827
173829
174262
174264
174266
174268
174270
174272
174274
174276
174278
174280
174282
174284
174286
174288
174290
174292
174294
174296
174298
174300
174302
174304
174306
174308
174310
174312
174314
174316
174318
174320
174322
174324
174326
174328
174330
174332
174334
174336
174338
174340
174342
174344
174345
177531
177535
177539
177543
177547
177551
177555
177559
177563
177567
177571
177575
177579
177583
177587
177591
177595
177599
177603
177607
177611
177615
177619
177623
177627
177631
177635
177639
177643
177647
177651
177655
177659
177663
177667
177671
177675
177679
177683
177687
177691
177695
177698
178348
178351
178354
178357
178360
178363
178366
178369
178372
178375
178378
178381
178384
178387
178390
178393
178396
178399
178402
178405
178408
178411
178414
178417
178420
178423
178426
178429
178432
178435
178438
178441
178444
178447
178450
178453
178456
178459
178462
178465
178468
178471
178473
178906
178908
178910
178912
178914
178916
178918
178920
178922
178924
178926
178928
178930
178932
178934
178936
178938
178940
178942
178944
178946
178948
178950
178952
178954
178956
178958
178960
178962
178964
178966
178968
178970
178972
178974
178976
178978
178980
178982
178984
178986
178988
178989
287183
287188
287193
287198
287203
287208
287213
287218
287223
287228
287233
287238
287243
287248
287253
287258
287263
287268
287273
287278
287283
287288
287293
287298
287303
287308
287313
287318
287323
287328
287333
287338
287343
287348
287353
287358
287363
287368
287373
287378
287383
287388
287392
288258
288262
288266
288270
288274
288278
288282
288286
288290
288294
288298
288302
288306
288310
288314
288318
288322
288326
288330
288334
288338
288342
288346
288350
288354
288358
288362
288366
288370
288374
288378
288382
288386
288390
288394
288398
288402
288406
288410
288414
288418
288422
288425
289074
289077
289080
289083
289086
289089
289092
289095
289098
289101
289104
289107
289110
289113
289116
289119
289122
289125
289128
289131
289134
289137
289140
289143
289146
289149
289152
289155
289158
289161
289164
289167
289170
289173
289176
289179
289182
289185
289188
289191
289194
289197
289199
290493
290497
290501
290505
290509
290513
290517
290521
290525
290529
290533
290537
290541
290545
290549
290553
290557
290561
290565
290569
290573
290577
290581
290585
290589
290593
290597
290601
290605
290609
290613
290617
290621
290625
290629
290633
290637
290641
290645
290649
290653
290657
290660
291310
291313
291316
291319
291322
291325
291328
291331
291334
291337
291340
291343
291346
291349
291352
291355
291358
291361
291364
291367
291370
291373
291376
291379
291382
291385
291388
291391
291394
291397
291400
291403
291406
291409
291412
291415
291418
291421
291424
291427
291430
291433
291435
291868
291870
291872
291874
291876
291878
291880
291882
291884
291886
291888
291890
291892
291894
291896
291898
291900
291902
291904
291906
291908
291910
291912
291914
291916
291918
291920
291922
291924
291926
291928
291930
291932
291934
291936
291938
291940
291942
291944
291946
291948
291950
291951
295137
295141
295145
295149
295153
295157
295161
295165
295169
295173
295177
295181
295185
295189
295193
295197
295201
295205
295209
295213
295217
295221
295225
295229
295233
295237
295241
295245
295249
295253
295257
295261
295265
295269
295273
295277
295281
295285
295289
295293
295297
295301
295304
295954
295957
295960
295963
295966
295969
295972
295975
295978
295981
295984
295987
295990
295993
295996
295999
296002
296005
296008
296011
296014
296017
296020
296023
296026
296029
296032
296035
296038
296041
296044
296047
296050
296053
296056
296059
296062
296065
296068
296071
296074
296077
296079
296512
296514
296516
296518
296520
296522
296524
296526
296528
296530
296532
296534
296536
296538
296540
296542
296544
296546
296548
296550
296552
296554
296556
296558
296560
296562
296564
296566
296568
296570
296572
296574
296576
296578
296580
296582
296584
296586
296588
296590
296592
296594
296595
299781
299785
299789
299793
299797
299801
299805
299809
299813
299817
299821
299825
299829
299833
299837
299841
299845
299849
299853
299857
299861
299865
299869
299873
299877
299881
299885
299889
299893
299897
299901
299905
299909
299913
299917
299921
299925
299929
299933
299937
299941
299945
299948
300598
300601
300604
300607
300610
300613
300616
300619
300622
300625
300628
300631
300634
300637
300640
300643
300646
300649
300652
300655
300658
300661
300664
300667
300670
300673
300676
300679
300682
300685
300688
300691
300694
300697
300700
300703
300706
300709
300712
300715
300718
300721
300723
301156
301158
301160
301162
301164
301166
301168
301170
301172
301174
301176
301178
301180
301182
301184
301186
301188
301190
301192
301194
301196
301198
301200
301202
301204
301206
301208
301210
301212
301214
301216
301218
301220
301222
301224
301226
301228
301230
301232
301234
301236
301238
301239
304425
304429
304433
304437
304441
304445
304449
304453
304457
304461
304465
304469
304473
304477
304481
304485
304489
304493
304497
304501
304505
304509
304513
304517
304521
304525
304529
304533
304537
304541
304545
304549
304553
304557
304561
304565
304569
304573
304577
304581
304585
304589
304592
305242
305245
305248
305251
305254
305257
305260
305263
305266
305269
305272
305275
305278
305281
305284
305287
305290
305293
305296
305299
305302
305305
305308
305311
305314
305317
305320
305323
305326
305329
305332
305335
305338
305341
305344
305347
305350
305353
305356
305359
305362
305365
305367
305800
305802
305804
305806
305808
305810
305812
305814
305816
305818
305820
305822
305824
305826
305828
305830
305832
305834
305836
305838
305840
305842
305844
305846
305848
305850
305852
305854
305856
305858
305860
305862
305864
305866
305868
305870
305872
305874
305876
305878
305880
305882
305883
309069
309073
309077
309081
309085
309089
309093
309097
309101
309105
309109
309113
309117
309121
309125
309129
309133
309137
309141
309145
309149
309153
309157
309161
309165
309169
309173
309177
309181
309185
309189
309193
309197
309201
309205
309209
309213
309217
309221
309225
309229
309233
309236
309886
309889
309892
309895
309898
309901
309904
309907
309910
309913
309916
309919
309922
309925
309928
309931
309934
309937
309940
309943
309946
309949
309952
309955
309958
309961
309964
309967
309970
309973
309976
309979
309982
309985
309988
309991
309994
309997
310000
310003
310006
310009
310011
310444
310446
310448
310450
310452
310454
310456
310458
310460
310462
310464
310466
310468
310470
310472
310474
310476
310478
310480
310482
310484
310486
310488
310490
310492
310494
310496
310498
310500
310502
310504
310506
310508
310510
310512
310514
310516
310518
310520
310522
310524
310526
310527
409001
409006
409011
409016
409021
409026
409031
409036
409041
409046
409051
409056
409061
409066
409071
409076
409081
409086
409091
409096
409101
409106
409111
409116
409121
409126
409131
409135
409701
409705
409709
409713
409717
409721
409725
409729
409733
409737
409741
409745
409749
409753
409757
409761
409765
409769
409773
409777
409781
409785
409789
409793
409797
409801
409805
409808
410232
410235
410238
410241
410244
410247
410250
410253
410256
410259
410262
410265
410268
410271
410274
410277
410280
410283
410286
410289
410292
410295
410298
410301
410304
410307
410310
410312
411156
411160
411164
411168
411172
411176
411180
411184
411188
411192
411196
411200
411204
411208
411212
411216
411220
411224
411228
411232
411236
411240
411244
411248
411252
411256
411260
411263
411688
411691
411694
411697
411700
411703
411706
411709
411712
411715
411718
411721
411724
411727
411730
411733
411736
411739
411742
411745
411748
411751
411754
411757
411760
411763
411766
411768
412051
412053
412055
412057
412059
412061
412063
412065
412067
412069
412071
412073
412075
412077
412079
412081
412083
412085
412087
412089
412091
412093
412095
412097
412099
412101
412103
412104
414180
414184
414188
414192
414196
414200
414204
414208
414212
414216
414220
414224
414228
414232
414236
414240
414244
414248
414252
414256
414260
414264
414268
414272
414276
414280
414284
414287
414712
414715
414718
414721
414724
414727
414730
414733
414736
414739
414742
414745
414748
414751
414754
414757
414760
414763
414766
414769
414772
414775
414778
414781
414784
414787
414790
414792
415075
415077
415079
415081
415083
415085
415087
415089
415091
415093
415095
415097
415099
415101
415103
415105
415107
415109
415111
415113
415115
415117
415119
415121
415123
415125
415127
415128
417204
417208
417212
417216
417220
417224
417228
417232
417236
417240
417244
417248
417252
417256
417260
417264
417268
417272
417276
417280
417284
417288
417292
417296
417300
417304
417308
417311
417736
417739
417742
417745
417748
417751
417754
417757
417760
417763
417766
417769
417772
417775
417778
417781
417784
417787
417790
417793
417796
417799
417802
417805
417808
417811
417814
417816
418099
418101
418103
418105
418107
418109
418111
418113
418115
418117
418119
418121
418123
418125
418127
418129
418131
418133
418135
418137
418139
418141
418143
418145
418147
418149
418151
418152
420228
420232
420236
420240
420244
420248
420252
420256
420260
420264
420268
420272
420276
420280
420284
420288
420292
420296
420300
420304
420308
420312
420316
420320
420324
420328
420332
420335
420760
420763
420766
420769
420772
420775
420778
420781
420784
420787
420790
420793
420796
420799
420802
420805
420808
420811
420814
420817
420820
420823
420826
420829
420832
420835
420838
420840
421123
421125
421127
421129
421131
421133
421135
421137
421139
421141
421143
421145
421147
421149
421151
421153
421155
421157
421159
421161
421163
421165
421167
421169
421171
421173
421175
421176
423252
423256
423260
423264
423268
423272
423276
423280
423284
423288
423292
423296
423300
423304
423308
423312
423316
423320
423324
423328
423332
423336
423340
423344
423348
423352
423356
423359
423784
423787
423790
423793
423796
423799
423802
423805
423808
423811
423814
423817
423820
423823
423826
423829
423832
423835
423838
423841
423844
423847
423850
423853
423856
423859
423862
423864
424147
424149
424151
424153
424155
424157
424159
424161
424163
424165
424167
424169
424171
424173
424175
424177
424179
424181
424183
424185
424187
424189
424191
424193
424195
424197
424199
424200
499769
499774
499779
499784
499789
499794
499799
499804
499809
499814
499819
499824
499829
499834
499839
499844
499849
499854
499859
499864
499869
499874
499879
499884
499889
499894
499899
499903
500469
500473
500477
500481
500485
500489
500493
500497
500501
500505
500509
500513
500517
500521
500525
500529
500533
500537
500541
500545
500549
500553
500557
500561
500565
500569
500573
500576
501000
501003
501006
501009
501012
501015
501018
501021
501024
501027
501030
501033
501036
501039
501042
501045
501048
501051
501054
501057
501060
501063
501066
501069
501072
501075
501078
501080
501924
501928
501932
501936
501940
501944
501948
501952
501956
501960
501964
501968
501972
501976
501980
501984
501988
501992
501996
502000
502004
502008
502012
502016
502020
502024
502028
502031
502456
502459
502462
502465
502468
502471
502474
502477
502480
502483
502486
502489
502492
502495
502498
502501
502504
502507
502510
502513
502516
502519
502522
502525
502528
502531
502534
502536
502819
502821
502823
502825
502827
502829
502831
502833
502835
502837
502839
502841
502843
502845
502847
502849
502851
502853
502855
502857
502859
502861
502863
502865
502867
502869
502871
502872
504948
504952
504956
504960
504964
504968
504972
504976
504980
504984
504988
504992
504996
505000
505004
505008
505012
505016
505020
505024
505028
505032
505036
505040
505044
505048
505052
505055
505480
505483
505486
505489
505492
505495
505498
505501
505504
505507
505510
505513
505516
505519
505522
505525
505528
505531
505534
505537
505540
505543
505546
505549
505552
505555
505558
505560
505843
505845
505847
505849
505851
505853
505855
505857
505859
505861
505863
505865
505867
505869
505871
505873
505875
505877
505879
505881
505883
505885
505887
505889
505891
505893
505895
505896
507972
507976
507980
507984
507988
507992
507996
508000
508004
508008
508012
508016
508020
508024
508028
508032
508036
508040
508044
508048
508052
508056
508060
508064
508068
508072
508076
508079
508504
508507
508510
508513
508516
508519
508522
508525
508528
508531
508534
508537
508540
508543
508546
508549
508552
508555
508558
508561
508564
508567
508570
508573
508576
508579
508582
508584
508867
508869
508871
508873
508875
508877
508879
508881
508883
508885
508887
508889
508891
508893
508895
508897
508899
508901
508903
508905
508907
508909
508911
508913
508915
508917
508919
508920
510996
511000
511004
511008
511012
511016
511020
511024
511028
511032
511036
511040
511044
511048
511052
511056
511060
511064
511068
511072
511076
511080
511084
511088
511092
511096
511100
511103
511528
511531
511534
511537
511540
511543
511546
511549
511552
511555
511558
511561
511564
511567
511570
511573
511576
511579
511582
511585
511588
511591
511594
511597
511600
511603
511606
511608
511891
511893
511895
511897
511899
511901
511903
511905
511907
511909
511911
511913
511915
511917
511919
511921
511923
511925
511927
511929
511931
511933
511935
511937
511939
511941
511943
511944
514020
514024
514028
514032
514036
514040
514044
514048
514052
514056
514060
514064
514068
514072
514076
514080
514084
514088
514092
514096
514100
514104
514108
514112
514116
514120
514124
514127
514552
514555
514558
514561
514564
514567
514570
514573
514576
514579
514582
514585
514588
514591
514594
514597
514600
514603
514606
514609
514612
514615
514618
514621
514624
514627
514630
514632
514915
514917
514919
514921
514923
514925
514927
514929
514931
514933
514935
514937
514939
514941
514943
514945
514947
514949
514951
514953
514955
514957
514959
514961
514963
514965
514967
514968
591185
591190
591195
591200
591205
591210
591215
591220
591225
591230
591235
591240
591245
591250
591255
591260
591265
591270
591275
591280
591285
591290
591295
591300
591305
591310
591315
591320
591324
591910
591914
591918
591922
591926
591930
591934
591938
591942
591946
591950
591954
591958
591962
591966
591970
591974
591978
591982
591986
591990
591994
591998
592002
592006
592010
592014
592018
592021
592460
592463
592466
592469
592472
592475
592478
592481
592484
592487
592490
592493
592496
592499
592502
592505
592508
592511
592514
592517
592520
592523
592526
592529
592532
592535
592538
592541
592543
593417
593421
593425
593429
593433
593437
593441
593445
593449
593453
593457
593461
593465
593469
593473
593477
593481
593485
593489
593493
593497
593501
593505
593509
593513
593517
593521
593525
593528
593968
593971
593974
593977
593980
593983
593986
593989
593992
593995
593998
594001
594004
594007
594010
594013
594016
594019
594022
594025
594028
594031
594034
594037
594040
594043
594046
594049
594051
594344
594346
594348
594350
594352
594354
594356
594358
594360
594362
594364
594366
594368
594370
594372
594374
594376
594378
594380
594382
594384
594386
594388
594390
594392
594394
594396
594398
594399
596549
596553
596557
596561
596565
596569
596573
596577
596581
596585
596589
596593
596597
596601
596605
596609
596613
596617
596621
596625
596629
596633
596637
596641
596645
596649
596653
596657
596660
597100
597103
597106
597109
597112
597115
597118
597121
597124
597127
597130
597133
597136
597139
597142
597145
597148
597151
597154
597157
597160
597163
597166
597169
597172
597175
597178
597181
597183
597476
597478
597480
597482
597484
597486
597488
597490
597492
597494
597496
597498
597500
597502
597504
597506
597508
597510
597512
597514
597516
597518
597520
597522
597524
597526
597528
597530
597531
599681
599685
599689
599693
599697
599701
599705
599709
599713
599717
599721
599725
599729
599733
599737
599741
599745
599749
599753
599757
599761
599765
599769
599773
599777
599781
599785
599789
599792
600232
600235
600238
600241
600244
600247
600250
600253
600256
600259
600262
600265
600268
600271
600274
600277
600280
600283
600286
600289
600292
600295
600298
600301
600304
600307
600310
600313
600315
600608
600610
600612
600614
600616
600618
600620
600622
600624
600626
600628
600630
600632
600634
600636
600638
600640
600642
600644
600646
600648
600650
600652
600654
600656
600658
600660
600662
600663
602813
602817
602821
602825
602829
602833
602837
602841
602845
602849
602853
602857
602861
602865
602869
602873
602877
602881
602885
602889
602893
602897
602901
602905
602909
602913
602917
602921
602924
603364
603367
603370
603373
603376
603379
603382
603385
603388
603391
603394
603397
603400
603403
603406
603409
603412
603415
603418
603421
603424
603427
603430
603433
603436
603439
603442
603445
603447
603740
603742
603744
603746
603748
603750
603752
603754
603756
603758
603760
603762
603764
603766
603768
603770
603772
603774
603776
603778
603780
603782
603784
603786
603788
603790
603792
603794
603795
605945
605949
605953
605957
605961
605965
605969
605973
605977
605981
605985
605989
605993
605997
606001
606005
606009
606013
606017
606021
606025
606029
606033
606037
606041
606045
606049
606053
606056
606496
606499
606502
606505
606508
606511
606514
606517
606520
606523
606526
606529
606532
606535
606538
606541
606544
606547
606550
606553
606556
606559
606562
606565
606568
606571
606574
606577
606579
606872
606874
606876
606878
606880
606882
606884
606886
606888
606890
606892
606894
606896
606898
606900
606902
606904
606906
606908
606910
606912
606914
606916
606918
606920
606922
606924
606926
606927
684671
684676
684681
684686
684691
684696
684701
684706
684711
684716
684721
684726
684731
684736
684741
684746
684751
684756
684761
684766
684771
684776
684781
684786
684791
684796
684801
684806
684810
685396
685400
685404
685408
685412
685416
685420
685424
685428
685432
685436
685440
685444
685448
685452
685456
685460
685464
685468
685472
685476
685480
685484
685488
685492
685496
685500
685504
685507
685946
685949
685952
685955
685958
685961
685964
685967
685970
685973
685976
685979
685982
685985
685988
685991
685994
685997
686000
686003
686006
686009
686012
686015
686018
686021
686024
686027
686029
686903
686907
686911
686915
686919
686923
686927
686931
686935
686939
686943
686947
686951
686955
686959
686963
686967
686971
686975
686979
686983
686987
686991
686995
686999
687003
687007
687011
687014
687454
687457
687460
687463
687466
687469
687472
687475
687478
687481
687484
687487
687490
687493
687496
687499
687502
687505
687508
687511
687514
687517
687520
687523
687526
687529
687532
687535
687537
687830
687832
687834
687836
687838
687840
687842
687844
687846
687848
687850
687852
687854
687856
687858
687860
687862
687864
687866
687868
687870
687872
687874
687876
687878
687880
687882
687884
687885
690035
690039
690043
690047
690051
690055
690059
690063
690067
690071
690075
690079
690083
690087
690091
690095
690099
690103
690107
690111
690115
690119
690123
690127
690131
690135
690139
690143
690146
690586
690589
690592
690595
690598
690601
690604
690607
690610
690613
690616
690619
690622
690625
690628
690631
690634
690637
690640
690643
690646
690649
690652
690655
690658
690661
690664
690667
690669
690962
690964
690966
690968
690970
690972
690974
690976
690978
690980
690982
690984
690986
690988
690990
690992
690994
690996
690998
691000
691002
691004
691006
691008
691010
691012
691014
691016
691017
693167
693171
693175
693179
693183
693187
693191
693195
693199
693203
693207
693211
693215
693219
693223
693227
693231
693235
693239
693243
693247
693251
693255
693259
693263
693267
693271
693275
693278
693718
693721
693724
693727
693730
693733
693736
693739
693742
693745
693748
693751
693754
693757
693760
693763
693766
693769
693772
693775
693778
693781
693784
693787
693790
693793
693796
693799
693801
694094
694096
694098
694100
694102
694104
694106
694108
694110
694112
694114
694116
694118
694120
694122
694124
694126
694128
694130
694132
694134
694136
694138
694140
694142
694144
694146
694148
694149
696299
696303
696307
696311
696315
696319
696323
696327
696331
696335
696339
696343
696347
696351
696355
696359
696363
696367
696371
696375
696379
696383
696387
696391
696395
696399
696403
696407
696410
696850
696853
696856
696859
696862
696865
696868
696871
696874
696877
696880
696883
696886
696889
696892
696895
696898
696901
696904
696907
696910
696913
696916
696919
696922
696925
696928
696931
696933
697226
697228
697230
697232
697234
697236
697238
697240
697242
697244
697246
697248
697250
697252
697254
697256
697258
697260
697262
697264
697266
697268
697270
697272
697274
697276
697278
697280
697281
699431
699435
699439
699443
699447
699451
699455
699459
699463
699467
699471
699475
699479
699483
699487
699491
699495
699499
699503
699507
699511
699515
699519
699523
699527
699531
699535
699539
699542
699982
699985
699988
699991
699994
699997
700000
700003
700006
700009
700012
700015
700018
700021
700024
700027
700030
700033
700036
700039
700042
700045
700048
700051
700054
700057
700060
700063
700065
700358
700360
700362
700364
700366
700368
700370
700372
700374
700376
700378
700380
700382
700384
700386
700388
700390
700392
700394
700396
700398
700400
700402
700404
700406
700408
700410
700412
700413
802565
802570
802575
802580
802585
802590
802595
802600
802605
802610
802615
802620
802625
802630
802635
802640
802645
802650
802655
802660
802665
802670
802675
802680
802685
802690
802695
802700
802705
802710
802715
802720
802725
802730
802735
802740
802745
802750
802755
802760
802765
802770
802775
802780
802785
802790
802795
802800
802805
802810
802815
802820
802825
802830
802835
802840
802845
802850
802855
802860
802865
802870
802875
802880
802885
802890
802894
804234
804238
804242
804246
804250
804254
804258
804262
804266
804270
804274
804278
804282
804286
804290
804294
804298
804302
804306
804310
804314
804318
804322
804326
804330
804334
804338
804342
804346
804350
804354
804358
804362
804366
804370
804374
804378
804382
804386
804390
804394
804398
804402
804406
804410
804414
804418
804422
804426
804430
804434
804438
804442
804446
804450
804454
804458
804462
804466
804470
804474
804478
804482
804486
804490
804494
804497
805500
805503
805506
805509
805512
805515
805518
805521
805524
805527
805530
805533
805536
805539
805542
805545
805548
805551
805554
805557
805560
805563
805566
805569
805572
805575
805578
805581
805584
805587
805590
805593
805596
805599
805602
805605
805608
805611
805614
805617
805620
805623
805626
805629
805632
805635
805638
805641
805644
805647
805650
805653
805656
805659
805662
805665
805668
805671
805674
805677
805680
805683
805686
805689
805692
805695
805697
807700
807704
807708
807712
807716
807720
807724
807728
807732
807736
807740
807744
807748
807752
807756
807760
807764
807768
807772
807776
807780
807784
807788
807792
807796
807800
807804
807808
807812
807816
807820
807824
807828
807832
807836
807840
807844
807848
807852
807856
807860
807864
807868
807872
807876
807880
807884
807888
807892
807896
807900
807904
807908
807912
807916
807920
807924
807928
807932
807936
807940
807944
807948
807952
807956
807960
807963
808967
808970
808973
808976
808979
808982
808985
808988
808991
808994
808997
809000
809003
809006
809009
809012
809015
809018
809021
809024
809027
809030
809033
809036
809039
809042
809045
809048
809051
809054
809057
809060
809063
809066
809069
809072
809075
809078
809081
809084
809087
809090
809093
809096
809099
809102
809105
809108
809111
809114
809117
809120
809123
809126
809129
809132
809135
809138
809141
809144
809147
809150
809153
809156
809159
809162
809164
809831
809833
809835
809837
809839
809841
809843
809845
809847
809849
809851
809853
809855
809857
809859
809861
809863
809865
809867
809869
809871
809873
809875
809877
809879
809881
809883
809885
809887
809889
809891
809893
809895
809897
809899
809901
809903
809905
809907
809909
809911
809913
809915
809917
809919
809921
809923
809925
809927
809929
809931
809933
809935
809937
809939
809941
809943
809945
809947
809949
809951
809953
809955
809957
809959
809961
809962
814900
814904
814908
814912
814916
814920
814924
814928
814932
814936
814940
814944
814948
814952
814956
814960
814964
814968
814972
814976
814980
814984
814988
814992
814996
815000
815004
815008
815012
815016
815020
815024
815028
815032
815036
815040
815044
815048
815052
815056
815060
815064
815068
815072
815076
815080
815084
815088
815092
815096
815100
815104
815108
815112
815116
815120
815124
815128
815132
815136
815140
815144
815148
815152
815156
815160
815163
816167
816170
816173
816176
816179
816182
816185
816188
816191
816194
816197
816200
816203
816206
816209
816212
816215
816218
816221
816224
816227
816230
816233
816236
816239
816242
816245
816248
816251
816254
816257
816260
816263
816266
816269
816272
816275
816278
816281
816284
816287
816290
816293
816296
816299
816302
816305
816308
816311
816314
816317
816320
816323
816326
816329
816332
816335
816338
816341
816344
816347
816350
816353
816356
816359
816362
816364
817031
817033
817035
817037
817039
817041
817043
817045
817047
817049
817051
817053
817055
817057
817059
817061
817063
817065
817067
817069
817071
817073
817075
817077
817079
817081
817083
817085
817087
817089
817091
817093
817095
817097
817099
817101
817103
817105
817107
817109
817111
817113
817115
817117
817119
817121
817123
817125
817127
817129
817131
817133
817135
817137
817139
817141
817143
817145
817147
817149
817151
817153
817155
817157
817159
817161
817162
822100
822104
822108
822112
822116
822120
822124
822128
822132
822136
822140
822144
822148
822152
822156
822160
822164
822168
822172
822176
822180
822184
822188
822192
822196
822200
822204
822208
822212
822216
822220
822224
822228
822232
822236
822240
822244
822248
822252
822256
822260
822264
822268
822272
822276
822280
822284
822288
822292
822296
822300
822304
822308
822312
822316
822320
822324
822328
822332
822336
822340
822344
822348
822352
822356
822360
822363
823367
823370
823373
823376
823379
823382
823385
823388
823391
823394
823397
823400
823403
823406
823409
823412
823415
823418
823421
823424
823427
823430
823433
823436
823439
823442
823445
823448
823451
823454
823457
823460
823463
823466
823469
823472
823475
823478
823481
823484
823487
823490
823493
823496
823499
823502
823505
823508
823511
823514
823517
823520
823523
823526
823529
823532
823535
823538
823541
823544
823547
823550
823553
823556
823559
823562
823564
824231
824233
824235
824237
824239
824241
824243
824245
824247
824249
824251
824253
824255
824257
824259
824261
824263
824265
824267
824269
824271
824273
824275
824277
824279
824281
824283
824285
824287
824289
824291
824293
824295
824297
824299
824301
824303
824305
824307
824309
824311
824313
824315
824317
824319
824321
824323
824325
824327
824329
824331
824333
824335
824337
824339
824341
824343
824345
824347
824349
824351
824353
824355
824357
824359
824361
824362
829300
829304
829308
829312
829316
829320
829324
829328
829332
829336
829340
829344
829348
829352
829356
829360
829364
829368
829372
829376
829380
829384
829388
829392
829396
829400
829404
829408
829412
829416
829420
829424
829428
829432
829436
829440
829444
829448
829452
829456
829460
829464
829468
829472
829476
829480
829484
829488
829492
829496
829500
829504
829508
829512
829516
829520
829524
829528
829532
829536
829540
829544
829548
829552
829556
829560
829563
830567
830570
830573
830576
830579
830582
830585
830588
830591
830594
830597
830600
830603
830606
830609
830612
830615
830618
830621
830624
830627
830630
830633
830636
830639
830642
830645
830648
830651
830654
830657
830660
830663
830666
830669
830672
830675
830678
830681
830684
830687
830690
830693
830696
830699
830702
830705
830708
830711
830714
830717
830720
830723
830726
830729
830732
830735
830738
830741
830744
830747
830750
830753
830756
830759
830762
830764
831431
831433
831435
831437
831439
831441
831443
831445
831447
831449
831451
831453
831455
831457
831459
831461
831463
831465
831467
831469
831471
831473
831475
831477
831479
831481
831483
831485
831487
831489
831491
831493
831495
831497
831499
831501
831503
831505
831507
831509
831511
831513
831515
831517
831519
831521
831523
831525
831527
831529
831531
831533
831535
831537
831539
831541
831543
831545
831547
831549
831551
831553
831555
831557
831559
831561
831562
836500
836504
836508
836512
836516
836520
836524
836528
836532
836536
836540
836544
836548
836552
836556
836560
836564
836568
836572
836576
836580
836584
836588
836592
836596
836600
836604
836608
836612
836616
836620
836624
836628
836632
836636
836640
836644
836648
836652
836656
836660
836664
836668
836672
836676
836680
836684
836688
836692
836696
836700
836704
836708
836712
836716
836720
836724
836728
836732
836736
836740
836744
836748
836752
836756
836760
836763
837767
837770
837773
837776
837779
837782
837785
837788
837791
837794
837797
837800
837803
837806
837809
837812
837815
837818
837821
837824
837827
837830
837833
837836
837839
837842
837845
837848
837851
837854
837857
837860
837863
837866
837869
837872
837875
837878
837881
837884
837887
837890
837893
837896
837899
837902
837905
837908
837911
837914
837917
837920
837923
837926
837929
837932
837935
837938
837941
837944
837947
837950
837953
837956
837959
837962
837964
838631
838633
838635
838637
838639
838641
838643
838645
838647
838649
838651
838653
838655
838657
838659
838661
838663
838665
838667
838669
838671
838673
838675
838677
838679
838681
838683
838685
838687
838689
838691
838693
838695
838697
838699
838701
838703
838705
838707
838709
838711
838713
838715
838717
838719
838721
838723
838725
838727
838729
838731
838733
838735
838737
838739
838741
838743
838745
838747
838749
838751
838753
838755
838757
838759
838761
838762
940532
940562
940567
940589
940619
940624
940646
940676
940681
940703
940733
940737
940986
941000
941005
941028
941043
941055
941073
941088
941100
941118
941133
941145
941159
941182
941187
941383
941395
941401
941417
941429
941435
941451
941463
941469
941485
941497
941502
942349
942363
942373
942387
942392
942409
942422
942426
942447
942543
942557
942567
942581
942586
942607
942616
942620
942641
942737
942751
942761
942775
942780
942801
942810
942814
942835
942931
942946
942958
942972
942977
942998
943006
943011
943032
943871
943891
943897
943944
943964
943972
943986
944007
944022
944031
944052
944067
944076
944097
944112
944123
944137
944143
944877
944882
944899
944917
944922
944946
945114
945119
945141
945154
945159
945183
945351
945356
945378
945391
945396
945420
945588
945593
945615
945627
945633
945657
946720
946726
946737
946762
946768
946773
946866
946879
946885
946945
946951
946956
947018
947031
947037
947097
947103
947108
947170
947183
947189
947249
947255
947260
947274
947296
947308
947583
947600
947613
947706
947723
947736
947829
947846
947859
947952
947970
947985
949490
949502
949518
949562
949568
949580
949629
949634
949648
949661
949674
949690
949766
949771
949782
949852
949862
949877
949886
949897
949912
950014
950018
950028
950406
950418
950434
950478
950484
950496
950545
950554
950568
950577
950590
950606
950706
950711
950722
950768
950778
950793
950802
950813
950828
950930
950934
950944
951322
951334
951350
951394
951400
951412
951461
951470
951484
951493
951506
951522
951622
951627
951638
951684
951694
951709
951718
951729
951744
951846
951850
951860
952238
952252
952269
952316
952322
952334
952383
952392
952406
952415
952428
952444
952544
952549
952560
952605
952616
952631
952640
952651
952666
952768
952772
952782
956695
956707
956711
956732
956745
956750
956772
956785
956790
956812
956825
956830
956846
956866
956871
956882
956903
956909
956921
956942
956948
956960
956981
956987
957005
957010
957036
957733
957745
957759
957772
957776
957786
957800
957804
957815
957827
957839
957853
957866
957870
957882
957894
957898
957909
957921
957933
957947
957960
957964
957976
957988
957992
958003
958015
958028
958044
958057
958061
958073
958084
958089
958097
958484
958489
958501
958557
958561
958568
958589
958594
958597
958701
958706
958718
958777
958787
958790
958842
958847
958850
958927
958932
958944
959003
959013
959016
959068
959073
959076
959153
959158
959170
959229
959239
959242
959294
959299
959302
959375
959400
959412
959452
959472
959482
959549
959569
959579
959646
959666
959676
959743
959764
959776
961412
961417
961436
961482
961491
961498
961540
961545
961552
961620
961624
961631
961644
961655
961663
961735
961740
961747
961807
961815
961822
961833
961842
961849
961947
961951
961957
962326
962331
962350
962396
962405
962412
962454
962459
962466
962534
962541
962547
962558
962569
962577
962673
962678
962685
962721
962729
962736
962747
962756
962763
962861
962865
962871
963240
963245
963264
963310
963319
963326
963368
963373
963380
963448
963455
963461
963472
963483
963491
963587
963592
963599
963635
963643
963650
963661
963670
963677
963775
963779
963785
964154
964159
964178
964227
964238
964246
964291
964296
964303
964371
964378
964384
964395
964406
964414
964510
964515
964522
964557
964566
964573
964584
964593
964600
964698
964702
964708
968602
968627
968633
968703
968721
968727
968801
968819
968825
968902
968920
968926
969003
969021
969027
970053
970057
970064
970076
970086
970091
970145
970149
970151
970207
970216
970221
970232
970242
970245
970322
970326
970328
970700
970708
970712
970723
970733
970738
970807
970811
970813
970854
970863
970868
970879
970889
970892
970969
970973
970975
971347
971355
971359
971370
971380
971385
971454
971458
971460
971501
971510
971515
971526
971536
971539
971616
971620
971622
971994
972002
972006
972017
972027
972032
972101
972105
972107
972147
972157
972160
972173
972183
972186
972263
972267
972269
975133
975137
975147
975156
975162
975172
975207
975212
975215
975303
975308
975319
975329
975334
975342
975353
975357
975359
975691
975696
975707
975743
975749
975759
975771
975776
975779
975996
976001
976012
976022
976027
976035
976046
976050
976052
976267
976272
976283
976319
976325
976335
976347
976352
976355
976572
976577
976588
976598
976603
976611
976622
976626
976628
976843
976848
976859
976895
976901
976911
976923
976928
976931
977148
977153
977164
977174
977179
977187
977198
977202
977204
977232
977253
977263
977411
977428
977438
977714
977731
977741
978017
978034
978044
978320
978337
978347
982397
982405
982412
982444
982454
982461
982504
982509
982512
982681
982689
982696
982705
982713
982719
982752
982756
982758
982946
982950
982957
982966
982975
982981
983025
983029
983031
983078
983087
983093
983128
983138
983145
983187
983191
983193
983509
983516
983521
983530
983538
983544
983573
983576
983577
983865
983873
983879
983910
983919
983925
983964
983968
983970
984005
984014
984020
984051
984060
984066
984105
984109
984111
984541
984548
984553
984561
984568
984573
984599
984602
984603
985972
985980
985987
986019
986029
986036
986079
986084
986087
986256
986264
986271
986280
986288
986294
986327
986331
986333
986521
986528
986533
986561
986570
986576
986612
986616
986618
986653
986662
986668
986703
986713
986720
986762
986766
986768
987192
987199
987204
987213
987221
987227
987256
987259
987260
987440
987448
987454
987485
987494
987500
987539
987543
987545
987580
987589
987595
987626
987635
987641
987680
987684
987686
988116
988123
988128
988136
988143
988148
988174
988177
988178
989547
989555
989562
989594
989604
989611
989654
989659
989662
989831
989839
989846
989855
989863
989869
989902
989906
989908
990096
990103
990108
990136
990145
990151
990187
990191
990193
990228
990237
990243
990278
990288
990295
990337
990341
990343
990767
990774
990779
990788
990796
990802
990831
990834
990835
991015
991023
991029
991060
991069
991075
991114
991118
991120
991155
991164
991170
991201
991210
991216
991255
991259
991261
991691
991698
991703
991711
991718
991723
991749
991752
991753
993122
993132
993140
993175
993185
993192
993238
993243
993246
993424
993432
993439
993448
993456
993462
993495
993499
993501
993689
993696
993701
993729
993738
993744
993780
993784
993786
993821
993830
993836
993871
993881
993888
993930
993934
993936
994360
994367
994372
994381
994389
994395
994424
994427
994428
994607
994616
994622
994653
994662
994668
994707
994711
994713
994748
994757
994763
994794
994803
994809
994848
994852
994854
995284
995291
995296
995304
995311
995316
995342
995345
995346
1010573
1010590
1010591
1010684
1010699
1010701
1010708
1010724
1010727
1010735
1010751
1010754
1010762
1010778
1010781
1010793
1010798
1010821
1010838
1010845
1010851
1010865
1010872
1010878
1010892
1010899
1010905
1010919
1010926
1010931
1011402
1011417
1011421
1011488
1011503
1011507
1011520
1011527
1011534
1011552
1011558
1011569
1011612
1011627
1011631
1011644
1011651
1011662
1011676
1011682
1011693
1011736
1011751
1011755
1011768
1011775
1011786
1011800
1011806
1011817
1011860
1011876
1011882
1011895
1011902
1011913
1011926
1011933
1011944
1012935
1012950
1012952
1012981
1012997
1013000
1013103
1013109
1013121
1013138
1013150
1013155
1013199
1013215
1013218
1013324
1013338
1013344
1013395
1013407
1013412
1013426
1013442
1013445
1013551
1013565
1013571
1013622
1013634
1013639
1013653
1013669
1013672
1013778
1013792
1013798
1013849
1013861
1013866
1016941
1016955
1016957
1017070
1017085
1017089
1017183
1017195
1017211
1017248
1017258
1017270
1017440
1017455
1017459
1017553
1017565
1017581
1017618
1017628
1017640
1017810
1017825
1017829
1017923
1017935
1017951
1017988
1017998
1018010
1018180
1018195
1018199
1018296
1018310
1018327
1018367
1018377
1018389
1020159
1020172
1020174
1020181
1020187
1020189
1020223
1020237
1020240
1020248
1020254
1020256
1020293
1020307
1020310
1020318
1020324
1020326
1020363
1020377
1020380
1020388
1020394
1020396
1020412
1020426
1020429
1020505
1020509
1020516
1020526
1020534
1020536
1020556
1020570
1020573
1020652
1020657
1020665
1020676
1020684
1020686
1020709
1020723
1020726
1020805
1020810
1020818
1020829
1020837
1020839
1020862
1020876
1020879
1020958
1020963
1020971
1020982
1020990
1020992
1021937
1021947
1021950
1021965
1021971
1021973
1022001
1022011
1022014
1022029
1022035
1022037
1022065
1022075
1022078
1022093
1022099
1022101
1022130
1022140
1022145
1022163
1022169
1022171
1022431
1022445
1022448
1022455
1022461
1022462
1022495
1022509
1022512
1022519
1022525
1022526
1022559
1022573
1022576
1022583
1022589
1022590
1022623
1022637
1022640
1022647
1022653
1022654
1022708
1022720
1022722
1022792
1022806
1022809
1022885
1022893
1022897
1022921
1022929
1022931
1022936
1022950
1022953
1023029
1023037
1023041
1023065
1023073
1023075
1023080
1023094
1023097
1023173
1023181
1023185
1023209
1023217
1023219
1023224
1023238
1023241
1023320
1023330
1023335
1023362
1023370
1023372
1024299
1024309
1024312
1024326
1024332
1024333
1024589
1024599
1024602
1024616
1024622
1024623
1024879
1024889
1024892
1024906
1024912
1024913
1025169
1025179
1025182
1025196
1025202
1025203
1026574
1026586
1026590
1026668
1026681
1026685
1026755
1026760
1026771
1026779
1026785
1026788
1027046
1027059
1027063
1027133
1027138
1027149
1027157
1027163
1027166
1027433
1027446
1027450
1027520
1027525
1027536
1027544
1027550
1027553
1027820
1027833
1027837
1027907
1027912
1027923
1027931
1027937
1027940
1032063
1032074
1032076
1032280
1032293
1032297
1032364
1032372
1032379
1032400
1032406
1032409
1032914
1032927
1032931
1032998
1033006
1033013
1033034
1033040
1033043
1033548
1033561
1033565
1033632
1033640
1033647
1033668
1033674
1033677
1034182
1034195
1034199
1034266
1034274
1034281
1034302
1034308
1034311
1037563
1037566
1037576
1037580
1037586
1037591
1037654
1037671
1037673
1037773
1037796
1037797
1038043
1038046
1038053
1038081
1038093
1038095
1038205
1038218
1038220
1038227
1038234
1038236
1038266
1038280
1038283
1038290
1038296
1038297
1038333
1038347
1038350
1038358
1038365
1038367
1038400
1038414
1038417
1038424
1038430
1038431
1038467
1038481
1038484
1038492
1038499
1038501
1038534
1038548
1038551
1038558
1038564
1038565
1038601
1038615
1038618
1038626
1038633
1038635
1038668
1038682
1038685
1038692
1038698
1038699
1039242
1039252
1039255
1039270
1039277
1039279
1039303
1039313
1039316
1039330
1039336
1039337
1039364
1039374
1039377
1039392
1039399
1039401
1039425
1039435
1039438
1039452
1039458
1039459
1039486
1039496
1039499
1039514
1039521
1039523
1039547
1039557
1039560
1039574
1039580
1039581
1039609
1039619
1039622
1039642
1039649
1039651
1039675
1039685
1039688
1039702
1039708
1039709
1040331
1040334
1040341
)
;
flipMap         List<bool> 
6903
(
0
0
0
0
0
0
0
0
0
0
0
0
0
0
0
0
0
0
0
0
0
0
0
0
0
0
0
0
0
0
0
0
0
0
0
0
0
0
0
0
0
0
0
0
0
0
0
0
0
0
0
1
1
1
1
1
1
1
1
1
1
1
1
1
1
1
1
1
1
1
1
1
1
1
1
1
1
1
1
1
1
1
1
1
1
1
1
1
1
1
1
1
1
1
1
1
1
1
1
1
1
1
1
1
1
1
1
1
1
1
1
1
1
1
1
1
1
1
1
1
1
1
1
1
1
1
1
1
1
1
1
1
1
1
1
1
1
1
1
1
1
1
1
1
1
1
1
1
1
1
1
1
1
1
1
1
1
1
1
1
1
1
1
1
1
1
1
1
1
1
1
1
1
1
1
1
1
1
1
1
1
1
1
1
1
1
1
1
1
1
1
1
1
1
1
1
1
1
1
1
1
1
1
1
1
1
1
1
1
1
1
1
1
1
1
1
1
1
1
1
1
1
1
1
1
1
1
1
1
1
1
1
1
1
1
1
1
1
1
1
1
1
1
1
1
1
1
1
1
1
1
1
1
1
1
1
1
1
1
1
1
1
1
1
1
1
1
1
1
1
1
1
1
1
1
1
1
1
1
1
1
1
1
1
1
1
1
1
1
1
1
1
1
1
1
1
1
1
1
1
1
1
1
1
1
1
0
0
0
0
0
0
0
0
0
0
0
0
0
0
0
0
0
0
0
0
0
0
0
0
0
0
0
0
0
0
0
0
0
0
0
0
0
0
0
0
0
0
0
0
0
0
0
0
0
0
0
0
0
0
0
0
0
1
1
1
1
1
1
1
1
1
1
1
1
1
1
1
1
1
1
1
1
1
1
1
1
1
1
1
1
1
1
1
1
1
1
1
1
1
1
1
1
1
1
1
1
1
1
1
1
1
1
1
1
1
1
1
1
1
1
1
1
1
1
1
1
1
1
1
1
1
1
1
1
1
1
1
1
1
1
1
1
1
1
1
1
1
1
1
1
1
1
1
1
1
1
1
1
1
1
1
1
1
1
1
1
1
1
1
1
1
1
1
1
1
1
1
1
1
1
1
1
1
1
1
1
1
1
1
1
1
1
1
1
1
1
1
1
1
1
1
1
1
1
1
1
1
1
1
1
1
1
1
1
1
1
1
1
1
1
1
1
1
1
1
1
1
1
1
1
1
1
1
1
1
1
1
1
1
1
1
1
1
1
1
1
1
1
1
1
1
1
1
1
1
1
1
1
1
1
1
1
1
1
1
1
1
1
1
1
1
1
1
1
1
1
1
1
1
1
1
1
1
1
1
1
1
1
1
1
1
1
1
1
1
1
1
1
1
1
1
1
1
1
1
1
1
1
1
1
1
1
1
1
1
1
1
1
1
1
1
1
1
1
1
1
1
1
1
1
1
1
1
1
1
1
1
1
1
1
1
1
1
1
1
1
1
0
0
0
0
0
0
0
0
0
0
0
0
0
0
0
0
0
0
0
0
0
0
0
0
0
0
0
0
0
0
0
0
0
0
0
0
0
0
0
0
0
0
0
0
0
0
0
0
0
0
0
0
0
0
0
0
0
0
0
0
0
0
0
0
0
0
0
0
0
0
0
0
0
0
0
0
0
0
0
0
0
0
0
0
0
0
0
0
0
0
0
0
0
0
0
0
0
0
0
0
0
0
0
0
0
0
0
0
0
0
0
0
0
0
0
0
0
0
0
0
0
0
0
0
0
0
0
0
0
1
1
1
1
1
1
1
1
1
1
1
1
1
1
1
1
1
1
1
1
1
1
1
1
1
1
1
1
1
1
1
1
1
1
1
1
1
1
1
1
1
1
1
1
1
1
1
1
1
1
1
1
1
1
1
1
1
1
1
1
1
1
1
1
1
1
1
1
1
1
1
1
1
1
1
1
1
1
1
1
1
1
1
1
1
1
1
1
1
1
1
1
1
1
1
1
1
1
1
1
1
1
1
1
1
1
1
1
1
1
1
1
1
1
1
1
1
1
1
1
1
1
1
1
1
1
1
1
1
1
1
1
1
1
1
1
1
1
1
1
1
1
1
1
1
1
1
1
1
1
1
1
1
1
1
1
1
1
1
1
1
1
1
1
1
1
1
1
1
1
1
1
1
1
1
1
1
1
1
1
1
1
1
1
1
1
1
1
1
1
1
1
1
1
1
1
1
1
1
1
1
1
1
1
1
1
1
1
1
1
1
1
1
1
1
1
1
1
1
1
1
1
1
1
1
1
1
1
1
1
1
1
1
1
1
1
1
1
1
1
1
1
1
1
1
1
1
1
1
1
1
1
1
1
1
1
1
1
1
1
1
1
1
1
1
1
1
1
1
1
1
1
1
1
1
1
1
1
1
1
1
1
1
1
1
1
1
1
1
1
1
1
1
1
1
1
1
1
1
1
1
1
1
1
1
1
1
1
1
1
1
1
1
1
1
1
1
1
1
1
1
1
1
1
1
1
1
1
1
1
1
1
1
1
1
1
1
1
1
1
1
1
1
1
1
1
1
1
1
1
1
1
1
1
1
1
1
1
1
1
1
1
1
1
1
1
1
1
1
1
1
1
1
1
1
1
1
1
1
1
1
1
1
1
1
1
1
1
1
1
1
1
1
1
1
1
1
1
1
1
1
1
1
1
1
1
1
1
1
1
1
1
1
1
1
1
1
1
1
1
1
1
1
1
1
1
1
1
1
1
1
1
1
1
1
1
1
1
1
1
1
1
1
1
1
1
1
1
1
1
1
1
1
1
1
1
1
1
1
1
1
1
1
1
1
1
1
1
1
1
1
1
1
1
1
1
1
1
1
1
1
1
1
1
1
1
1
1
1
1
1
1
1
1
1
1
1
1
1
1
1
1
1
1
1
1
1
1
1
1
1
1
1
1
1
1
1
1
1
1
1
1
1
1
1
1
1
1
1
1
1
1
1
1
1
1
1
1
1
1
1
1
1
1
1
1
1
1
1
1
1
1
1
1
1
1
1
1
1
1
1
1
1
1
1
1
1
1
1
1
1
1
1
1
1
1
1
1
1
1
1
1
1
1
1
1
1
1
1
1
1
1
1
1
1
1
1
1
1
1
1
1
1
1
1
1
1
1
1
1
1
1
1
1
1
1
1
1
1
1
1
1
1
1
1
1
1
1
1
1
1
1
1
1
1
1
1
1
1
1
1
1
1
1
1
0
0
0
0
0
0
0
0
0
0
0
0
0
0
0
0
0
0
0
0
0
0
0
0
0
0
0
0
0
0
0
0
0
0
0
0
0
0
0
0
0
0
0
0
0
0
0
0
0
0
0
0
0
0
0
0
0
0
0
0
0
0
0
0
0
0
0
0
0
0
0
0
0
0
0
0
0
0
0
0
0
0
0
0
0
0
0
0
0
0
0
0
0
0
0
0
0
0
0
0
0
0
0
0
0
0
0
0
0
0
0
0
0
0
0
0
0
0
0
0
0
0
0
0
0
0
0
0
0
1
1
1
1
1
1
1
1
1
1
1
1
1
1
1
1
1
1
1
1
1
1
1
1
1
1
1
1
1
1
1
1
1
1
1
1
1
1
1
1
1
1
1
1
1
1
1
1
1
1
1
1
1
1
1
1
1
1
1
1
1
1
1
1
1
1
1
1
1
1
1
1
1
1
1
1
1
1
1
1
1
1
1
1
1
1
1
1
1
1
1
1
1
1
1
1
1
1
1
1
1
1
1
1
1
1
1
1
1
1
1
1
1
1
1
1
1
1
1
1
1
1
1
1
1
1
1
1
1
1
1
1
1
1
1
1
1
1
1
1
1
1
1
1
1
1
1
1
1
1
1
1
1
1
1
1
1
1
1
1
1
1
1
1
1
1
1
1
1
1
1
1
1
1
1
1
1
1
1
1
1
1
1
1
1
1
1
1
1
1
1
1
1
1
1
1
1
1
1
1
1
1
1
1
1
1
1
1
1
1
1
1
1
1
1
1
1
1
1
1
1
1
1
1
1
1
1
1
1
1
1
1
1
1
1
1
1
1
1
1
1
1
1
1
1
1
1
1
1
1
1
1
1
1
1
1
1
1
1
1
1
1
1
1
1
1
1
1
1
1
1
1
1
1
1
1
1
1
1
1
1
1
1
1
1
1
1
1
1
1
1
1
1
1
1
1
1
1
1
1
1
1
1
1
1
1
1
1
1
1
1
1
1
1
1
1
1
1
1
1
1
1
1
1
1
1
1
1
1
1
1
1
1
1
1
1
1
1
1
1
1
1
1
1
1
1
1
1
1
1
1
1
1
1
1
1
1
1
1
1
1
1
1
1
1
1
1
1
1
1
1
1
1
1
1
1
1
1
1
1
1
1
1
1
1
1
1
1
1
1
1
1
1
1
1
1
1
1
1
1
1
1
1
1
1
1
1
1
1
1
1
1
1
1
1
1
1
1
1
1
1
1
1
1
1
1
1
1
1
1
1
1
1
1
1
1
1
1
1
1
1
1
1
1
1
1
1
1
1
1
1
1
1
1
1
1
1
1
1
1
1
1
1
1
1
1
1
1
1
1
1
1
1
1
1
1
1
1
1
1
1
1
1
1
1
1
1
1
1
1
1
1
1
1
1
1
1
1
1
1
1
1
1
1
1
1
1
1
1
1
1
1
1
1
1
1
1
1
1
1
1
1
1
1
1
1
1
1
1
1
1
1
1
1
1
1
1
1
1
1
1
1
1
1
1
1
1
1
1
1
1
1
1
1
1
1
1
1
1
1
1
1
1
1
1
1
1
1
1
1
1
1
1
1
1
1
1
1
1
1
1
1
1
1
1
1
1
1
1
1
1
1
1
1
1
1
1
1
1
1
1
1
1
1
1
1
1
1
1
1
1
1
1
1
1
1
1
1
1
1
1
1
1
1
1
1
1
1
1
1
1
1
1
1
1
1
1
1
1
1
1
1
1
1
1
0
0
0
0
0
0
0
0
0
0
0
0
0
0
0
0
0
0
0
0
0
0
0
0
0
0
0
0
0
0
0
0
0
0
0
0
0
0
0
0
0
0
0
0
0
0
0
0
0
0
0
0
0
0
0
0
0
0
0
0
0
0
0
0
0
0
0
0
0
0
0
0
0
0
0
0
0
0
0
0
0
0
0
0
1
1
1
1
1
1
1
1
1
1
1
1
1
1
1
1
1
1
1
1
1
1
1
1
1
1
1
1
1
1
1
1
1
1
1
1
1
1
1
1
1
1
1
1
1
1
1
1
1
1
1
1
1
1
1
1
1
1
1
1
1
1
1
1
1
1
1
1
1
1
1
1
1
1
1
1
1
1
1
1
1
1
1
1
1
1
1
1
1
1
1
1
1
1
1
1
1
1
1
1
1
1
1
1
1
1
1
1
1
1
1
1
1
1
1
1
1
1
1
1
1
1
1
1
1
1
1
1
1
1
1
1
1
1
1
1
1
1
1
1
1
1
1
1
1
1
1
1
1
1
1
1
1
1
1
1
1
1
1
1
1
1
1
1
1
1
1
1
1
1
1
1
1
1
1
1
1
1
1
1
1
1
1
1
1
1
1
1
1
1
1
1
1
1
1
1
1
1
1
1
1
1
1
1
1
1
1
1
1
1
1
1
1
1
1
1
1
1
1
1
1
1
1
1
1
1
1
1
1
1
1
1
1
1
1
1
1
1
1
1
1
1
1
1
1
1
1
1
1
1
1
1
1
1
1
1
1
1
1
1
1
1
1
1
1
1
1
1
1
1
1
1
1
1
1
1
1
1
1
1
1
1
1
1
1
1
1
1
1
1
1
1
1
1
1
1
1
1
1
1
1
1
1
1
1
1
1
1
1
1
1
1
1
1
1
1
1
1
1
1
1
1
1
1
1
1
1
1
1
1
1
1
1
1
1
1
1
1
1
1
1
1
1
1
1
1
1
1
1
1
1
1
1
1
1
1
1
1
1
1
1
1
1
1
1
1
1
1
1
1
1
1
1
1
1
1
1
1
1
1
1
1
1
1
1
1
1
1
1
1
1
1
1
1
1
1
1
1
1
1
1
1
1
1
1
1
1
1
1
1
1
1
1
1
1
1
1
1
1
1
0
0
0
0
0
0
0
0
0
0
0
0
0
0
0
0
0
0
0
0
0
0
0
0
0
0
0
0
0
0
0
0
0
0
0
0
0
0
0
0
0
0
0
0
0
0
0
0
0
0
0
0
0
0
0
0
0
0
0
0
0
0
0
0
0
0
0
0
0
0
0
0
0
0
0
0
0
0
0
0
0
0
0
0
1
1
1
1
1
1
1
1
1
1
1
1
1
1
1
1
1
1
1
1
1
1
1
1
1
1
1
1
1
1
1
1
1
1
1
1
1
1
1
1
1
1
1
1
1
1
1
1
1
1
1
1
1
1
1
1
1
1
1
1
1
1
1
1
1
1
1
1
1
1
1
1
1
1
1
1
1
1
1
1
1
1
1
1
1
1
1
1
1
1
1
1
1
1
1
1
1
1
1
1
1
1
1
1
1
1
1
1
1
1
1
1
1
1
1
1
1
1
1
1
1
1
1
1
1
1
1
1
1
1
1
1
1
1
1
1
1
1
1
1
1
1
1
1
1
1
1
1
1
1
1
1
1
1
1
1
1
1
1
1
1
1
1
1
1
1
1
1
1
1
1
1
1
1
1
1
1
1
1
1
1
1
1
1
1
1
1
1
1
1
1
1
1
1
1
1
1
1
1
1
1
1
1
1
1
1
1
1
1
1
1
1
1
1
1
1
1
1
1
1
1
1
1
1
1
1
1
1
1
1
1
1
1
1
1
1
1
1
1
1
1
1
1
1
1
1
1
1
1
1
1
1
1
1
1
1
1
1
1
1
1
1
1
1
1
1
1
1
1
1
1
1
1
1
1
1
1
1
1
1
1
1
1
1
1
1
1
1
1
1
1
1
1
1
1
1
1
1
1
1
1
1
1
1
1
1
1
1
1
1
1
1
1
1
1
1
1
1
1
1
1
1
1
1
1
1
1
1
1
1
1
1
1
1
1
1
1
1
1
1
1
1
1
1
1
1
1
1
1
1
1
1
1
1
1
1
1
1
1
1
1
1
1
1
1
1
1
1
1
1
1
1
1
1
1
1
1
1
1
1
1
1
1
1
1
1
1
1
1
1
1
1
1
1
1
1
1
1
1
1
1
1
1
1
1
1
1
1
1
1
1
1
1
1
1
1
1
1
1
1
0
0
0
0
0
0
0
0
0
0
0
0
0
0
0
0
0
0
0
0
0
0
0
0
0
0
0
0
0
0
0
0
0
0
0
0
0
0
0
0
0
0
0
0
0
0
0
0
0
0
0
0
0
0
0
0
0
0
0
0
0
0
0
0
0
0
0
0
0
0
0
0
0
0
0
0
0
0
0
0
0
0
0
0
0
0
0
1
1
1
1
1
1
1
1
1
1
1
1
1
1
1
1
1
1
1
1
1
1
1
1
1
1
1
1
1
1
1
1
1
1
1
1
1
1
1
1
1
1
1
1
1
1
1
1
1
1
1
1
1
1
1
1
1
1
1
1
1
1
1
1
1
1
1
1
1
1
1
1
1
1
1
1
1
1
1
1
1
1
1
1
1
1
1
1
1
1
1
1
1
1
1
1
1
1
1
1
1
1
1
1
1
1
1
1
1
1
1
1
1
1
1
1
1
1
1
1
1
1
1
1
1
1
1
1
1
1
1
1
1
1
1
1
1
1
1
1
1
1
1
1
1
1
1
1
1
1
1
1
1
1
1
1
1
1
1
1
1
1
1
1
1
1
1
1
1
1
1
1
1
1
1
1
1
1
1
1
1
1
1
1
1
1
1
1
1
1
1
1
1
1
1
1
1
1
1
1
1
1
1
1
1
1
1
1
1
1
1
1
1
1
1
1
1
1
1
1
1
1
1
1
1
1
1
1
1
1
1
1
1
1
1
1
1
1
1
1
1
1
1
1
1
1
1
1
1
1
1
1
1
1
1
1
1
1
1
1
1
1
1
1
1
1
1
1
1
1
1
1
1
1
1
1
1
1
1
1
1
1
1
1
1
1
1
1
1
1
1
1
1
1
1
1
1
1
1
1
1
1
1
1
1
1
1
1
1
1
1
1
1
1
1
1
1
1
1
1
1
1
1
1
1
1
1
1
1
1
1
1
1
1
1
1
1
1
1
1
1
1
1
1
1
1
1
1
1
1
1
1
1
1
1
1
1
1
1
1
1
1
1
1
1
1
1
1
1
1
1
1
1
1
1
1
1
1
1
1
1
1
1
1
1
1
1
1
1
1
1
1
1
1
1
1
1
1
1
1
1
1
1
1
1
1
1
1
1
1
1
1
1
1
1
1
1
1
1
1
1
1
1
1
1
1
1
1
1
1
1
1
1
1
1
0
0
0
0
0
0
0
0
0
0
0
0
0
0
0
0
0
0
0
0
0
0
0
0
0
0
0
0
0
0
0
0
0
0
0
0
0
0
0
0
0
0
0
0
0
0
0
0
0
0
0
0
0
0
0
0
0
0
0
0
0
0
0
0
0
0
0
0
0
0
0
0
0
0
0
0
0
0
0
0
0
0
0
0
0
0
0
1
1
1
1
1
1
1
1
1
1
1
1
1
1
1
1
1
1
1
1
1
1
1
1
1
1
1
1
1
1
1
1
1
1
1
1
1
1
1
1
1
1
1
1
1
1
1
1
1
1
1
1
1
1
1
1
1
1
1
1
1
1
1
1
1
1
1
1
1
1
1
1
1
1
1
1
1
1
1
1
1
1
1
1
1
1
1
1
1
1
1
1
1
1
1
1
1
1
1
1
1
1
1
1
1
1
1
1
1
1
1
1
1
1
1
1
1
1
1
1
1
1
1
1
1
1
1
1
1
1
1
1
1
1
1
1
1
1
1
1
1
1
1
1
1
1
1
1
1
1
1
1
1
1
1
1
1
1
1
1
1
1
1
1
1
1
1
1
1
1
1
1
1
1
1
1
1
1
1
1
1
1
1
1
1
1
1
1
1
1
1
1
1
1
1
1
1
1
1
1
1
1
1
1
1
1
1
1
1
1
1
1
1
1
1
1
1
1
1
1
1
1
1
1
1
1
1
1
1
1
1
1
1
1
1
1
1
1
1
1
1
1
1
1
1
1
1
1
1
1
1
1
1
1
1
1
1
1
1
1
1
1
1
1
1
1
1
1
1
1
1
1
1
1
1
1
1
1
1
1
1
1
1
1
1
1
1
1
1
1
1
1
1
1
1
1
1
1
1
1
1
1
1
1
1
1
1
1
1
1
1
1
1
1
1
1
1
1
1
1
1
1
1
1
1
1
1
1
1
1
1
1
1
1
1
1
1
1
1
1
1
1
1
1
1
1
1
1
1
1
1
1
1
1
1
1
1
1
1
1
1
1
1
1
1
1
1
1
1
1
1
1
1
1
1
1
1
1
1
1
1
1
1
1
1
1
1
1
1
1
1
1
1
1
1
1
1
1
1
1
1
1
1
1
1
1
1
1
1
1
1
1
1
1
1
1
1
1
1
1
1
1
1
1
1
1
1
1
1
1
1
1
1
1
1
0
0
0
0
0
0
0
0
0
0
0
0
0
0
0
0
0
0
0
0
0
0
0
0
0
0
0
0
0
0
0
0
0
0
0
0
0
0
0
0
0
0
0
0
0
0
0
0
0
0
0
0
0
0
0
0
0
0
0
0
0
0
0
0
0
0
0
0
0
0
0
0
0
0
0
0
0
0
0
0
0
0
0
0
0
0
0
0
0
0
0
0
0
0
0
0
0
0
0
0
0
0
0
0
0
0
0
0
0
0
0
0
0
0
0
0
0
0
0
0
0
0
0
0
0
0
0
0
0
0
0
0
0
0
0
0
0
0
0
0
0
0
0
0
0
0
0
0
0
0
0
0
0
0
0
0
0
0
0
0
0
0
0
0
0
0
0
0
0
0
0
0
0
0
0
0
0
0
0
0
0
0
0
0
0
0
0
0
0
0
0
0
0
0
0
0
0
0
0
0
0
1
1
1
1
1
1
1
1
1
1
1
1
1
1
1
1
1
1
1
1
1
1
1
1
1
1
1
1
1
1
1
1
1
1
1
1
1
1
1
1
1
1
1
1
1
1
1
1
1
1
1
1
1
1
1
1
1
1
1
1
1
1
1
1
1
1
1
1
1
1
1
1
1
1
1
1
1
1
1
1
1
1
1
1
1
1
1
1
1
1
1
1
1
1
1
1
1
1
1
1
1
1
1
1
1
1
1
1
1
1
1
1
1
1
1
1
1
1
1
1
1
1
1
1
1
1
1
1
1
1
1
1
1
1
1
1
1
1
1
1
1
1
1
1
1
1
1
1
1
1
1
1
1
1
1
1
1
1
1
1
1
1
1
1
1
1
1
1
1
1
1
1
1
1
1
1
1
1
1
1
1
1
1
1
1
1
1
1
1
1
1
1
1
1
1
1
1
1
1
1
1
1
1
1
1
1
1
1
1
1
1
1
1
1
1
1
1
1
1
1
1
1
1
1
1
1
1
1
1
1
1
1
1
1
1
1
1
1
1
1
1
1
1
1
1
1
1
1
1
1
1
1
1
1
1
1
1
1
1
1
1
1
1
1
1
1
1
1
1
1
1
1
1
1
1
1
1
1
1
1
1
1
1
1
1
1
1
1
1
1
1
1
1
1
1
1
1
1
1
1
1
1
1
1
1
1
1
1
1
1
1
1
1
1
1
1
1
1
1
1
1
1
1
1
1
1
1
1
1
1
1
1
1
1
1
1
1
1
1
1
1
1
1
1
1
1
1
1
1
1
1
1
1
1
1
1
1
1
1
1
1
1
1
1
1
1
1
1
1
1
1
1
1
1
1
1
1
1
1
1
1
1
1
1
1
1
1
1
1
1
1
1
1
1
1
1
1
1
1
1
1
1
1
1
1
1
1
1
1
1
1
1
1
1
1
1
1
1
1
1
1
1
1
1
1
1
1
1
1
1
1
1
1
1
1
1
1
1
1
1
1
1
1
1
1
1
1
1
1
1
1
1
1
1
1
1
1
1
1
1
1
1
1
1
1
1
1
1
1
1
1
1
1
1
1
1
1
1
1
1
1
1
1
1
1
1
1
1
1
1
1
1
1
1
1
1
1
1
1
1
1
1
1
1
1
1
1
1
1
1
1
1
1
1
1
1
1
1
1
1
1
1
1
1
1
1
1
1
1
1
1
1
1
1
1
1
1
1
1
1
1
1
1
1
1
1
1
1
1
1
1
1
1
1
1
1
1
1
1
1
1
1
1
1
1
1
1
1
1
1
1
1
1
1
1
1
1
1
1
1
1
1
1
1
1
1
1
1
1
1
1
1
1
1
1
1
1
1
1
1
1
1
1
1
1
1
1
1
1
1
1
1
1
1
1
1
1
1
1
1
1
1
1
1
1
1
1
1
1
1
1
1
1
1
1
1
1
1
1
1
1
1
1
1
1
1
1
1
1
1
1
1
1
1
1
1
1
1
1
1
1
1
1
1
1
1
1
1
1
1
1
1
1
1
1
1
1
1
1
1
1
1
1
1
1
1
1
1
1
1
1
1
1
1
1
1
1
1
1
1
1
1
1
1
1
1
1
1
1
1
1
1
1
1
1
1
1
1
1
1
1
1
1
1
1
1
1
1
1
1
1
1
1
1
1
1
1
1
1
1
1
1
1
1
1
1
1
1
1
1
1
1
1
1
1
1
1
1
1
1
1
1
1
1
1
1
1
1
1
1
1
1
1
1
1
1
1
1
1
1
1
1
1
1
1
1
1
1
1
1
1
1
1
1
1
1
1
1
1
1
1
1
1
1
1
1
1
1
1
1
1
1
1
1
1
1
1
1
1
1
1
1
1
1
1
1
1
1
1
1
1
1
1
1
1
1
1
1
1
1
1
1
1
1
1
1
1
1
1
1
1
1
1
1
1
1
1
1
1
1
1
1
1
1
1
1
1
1
1
1
1
1
1
1
1
1
1
1
1
1
1
1
1
1
1
1
1
1
1
1
1
1
1
1
1
1
1
1
1
1
1
1
1
1
1
1
1
1
1
1
1
1
1
1
1
1
1
1
1
1
1
1
1
1
1
1
1
1
1
1
1
1
1
1
1
1
1
1
1
1
1
1
1
1
1
1
1
1
1
1
1
1
1
1
1
1
1
1
1
1
1
1
1
1
1
1
1
1
1
1
1
1
1
1
1
1
1
1
1
1
1
1
1
1
1
1
1
1
1
1
1
1
1
1
1
1
1
1
1
1
1
1
1
1
1
0
0
0
0
0
0
0
0
0
0
0
0
0
0
0
0
0
0
0
0
0
0
0
0
0
0
0
0
0
0
0
0
0
0
0
0
0
0
0
0
0
0
0
0
0
0
0
0
0
0
0
0
0
0
0
0
0
0
0
0
0
0
0
0
0
0
0
0
0
0
0
0
0
0
0
0
0
0
0
0
0
0
0
0
0
0
0
0
0
0
0
0
0
0
0
0
0
0
0
0
0
0
0
0
0
0
0
0
0
0
0
0
0
0
0
0
0
0
0
0
0
0
0
0
0
0
0
0
0
0
0
0
0
0
0
0
0
0
0
0
0
0
0
0
0
0
0
0
0
0
0
0
0
0
0
0
0
0
0
0
0
0
0
0
0
0
0
0
0
0
0
0
0
0
0
0
0
0
0
0
0
0
0
0
0
0
0
0
0
0
0
0
0
0
0
0
0
0
0
0
0
0
0
0
0
0
0
0
0
0
0
0
0
0
0
0
0
0
0
0
0
0
0
0
0
0
0
0
0
0
0
0
0
0
0
0
0
0
0
0
0
0
0
0
0
0
0
0
0
0
0
0
0
0
0
0
0
0
0
0
0
0
0
0
0
0
0
0
0
0
0
0
0
0
0
0
0
0
0
0
0
0
0
0
0
0
0
0
0
0
0
0
0
0
0
0
0
0
0
0
0
0
0
0
0
0
0
0
0
0
0
0
0
0
0
0
0
0
0
0
0
0
0
0
0
0
0
0
0
0
0
0
0
0
0
0
0
0
0
0
0
0
0
0
0
0
0
0
0
0
0
0
0
0
0
0
0
0
0
0
0
0
0
0
0
0
0
0
0
0
0
0
0
0
0
0
0
0
0
0
0
0
0
0
0
0
0
0
0
0
0
0
0
0
0
0
0
0
0
0
0
0
0
0
0
0
0
0
0
0
0
0
0
0
0
0
0
0
0
0
0
0
0
0
0
0
0
0
0
0
0
0
0
0
0
0
0
0
0
0
0
0
0
0
0
0
0
0
0
0
0
0
0
0
0
0
0
0
0
0
0
0
0
0
0
0
0
0
0
0
0
0
0
0
0
0
0
0
0
0
0
0
0
0
0
0
0
0
0
0
0
0
0
0
0
0
0
0
0
0
0
0
0
0
0
0
0
0
0
0
0
0
0
0
0
0
0
0
0
0
0
0
0
0
0
0
0
0
0
0
0
0
0
0
0
0
0
0
0
0
0
0
0
0
0
0
0
0
0
0
0
0
0
0
0
0
0
0
0
0
0
0
0
0
0
0
0
0
0
0
0
0
0
0
0
0
0
0
0
0
0
0
0
0
0
0
0
0
0
0
0
0
0
0
0
0
0
0
0
0
0
0
0
0
0
0
0
0
0
0
0
0
0
0
0
0
0
0
0
0
0
0
0
0
0
0
0
0
0
0
0
0
0
0
0
0
0
0
0
0
0
0
0
0
0
0
0
0
0
0
0
0
0
0
0
0
0
0
0
0
0
0
0
0
0
0
0
0
0
0
0
0
0
0
0
0
0
0
0
0
0
0
0
0
0
0
0
0
0
0
0
0
0
0
0
0
0
0
0
0
0
0
0
0
0
0
0
0
0
0
0
0
0
0
0
0
0
0
0
0
0
0
0
0
0
0
0
0
0
0
0
0
0
0
0
0
0
0
0
0
0
0
0
0
0
0
0
0
0
0
0
0
0
0
0
0
0
0
0
0
0
0
0
0
0
0
0
0
0
0
0
0
0
0
0
0
0
0
0
0
0
0
0
0
0
0
0
0
0
0
0
0
0
0
0
0
0
0
0
0
0
0
0
0
0
0
0
0
0
0
0
0
0
0
0
0
0
0
0
0
0
0
0
0
0
0
0
0
0
0
0
0
0
0
0
0
0
0
0
0
0
0
0
0
0
0
0
0
0
0
0
0
0
0
0
0
0
0
0
0
0
0
0
0
0
0
0
0
0
0
0
0
0
0
0
0
0
0
0
0
0
0
0
0
0
0
0
0
0
0
0
0
0
0
0
0
0
0
0
0
0
0
0
0
0
0
0
0
0
0
0
0
0
0
0
0
0
0
0
0
0
0
0
0
0
0
0
0
0
0
0
0
0
0
0
0
0
0
0
0
0
0
0
0
0
0
0
0
0
0
0
0
0
0
0
0
0
0
0
0
0
0
0
0
0
0
0
0
0
0
0
0
0
0
0
0
0
0
0
0
0
0
0
0
0
0
0
0
0
0
0
0
0
0
0
0
0
0
0
0
0
0
0
0
0
0
0
0
0
0
0
0
0
0
0
0
0
0
0
0
0
0
0
0
0
0
0
0
0
0
0
0
0
0
0
0
0
0
0
0
0
0
0
0
0
0
0
0
0
0
0
0
0
0
0
0
0
0
0
0
0
0
0
0
0
0
0
0
0
0
0
0
0
0
0
0
0
0
0
0
0
0
0
0
0
0
0
0
0
0
0
0
0
0
0
0
0
0
0
0
0
0
0
0
0
0
0
0
0
0
0
0
0
0
0
0
0
0
0
0
0
0
0
0
0
0
0
0
0
0
0
0
0
0
0
0
0
0
0
0
0
0
0
0
0
0
0
0
0
0
0
0
0
0
0
0
0
0
0
0
0
0
0
0
0
0
0
0
0
0
0
0
0
0
0
0
0
0
0
0
0
0
0
0
0
0
0
0
0
0
0
0
0
0
0
0
0
0
0
0
0
0
0
0
0
0
0
0
0
0
0
0
0
0
0
0
0
0
0
0
0
0
0
0
0
0
0
0
0
0
0
0
0
0
0
0
0
0
0
0
0
0
0
0
0
0
0
0
0
0
0
0
0
0
0
0
0
0
0
0
0
0
0
0
0
0
0
0
0
0
0
0
0
0
0
0
0
0
0
0
0
0
0
0
0
0
0
0
0
0
0
0
0
0
0
0
0
0
0
0
0
0
0
0
0
0
0
0
0
0
0
0
0
0
0
0
0
0
0
0
0
0
0
0
0
0
0
0
0
0
0
0
0
0
0
0
0
0
0
0
0
0
0
0
0
0
0
0
0
0
0
0
0
0
0
0
0
0
0
0
0
0
0
0
0
0
0
0
0
0
0
0
0
0
0
0
0
0
0
0
0
0
0
0
0
0
0
0
0
0
0
0
0
0
0
0
0
0
0
0
0
0
0
0
0
0
0
0
0
0
0
0
0
0
0
0
0
0
0
0
0
0
0
0
0
0
0
0
0
0
0
0
0
0
0
0
0
0
0
0
0
0
0
0
0
0
0
0
0
)
;
}
)

// ************************************************************************* //
