/*--------------------------------*- C++ -*----------------------------------*\
  =========                 |
  \\      /  F ield         | OpenFOAM: The Open Source CFD Toolbox
   \\    /   O peration     | Website:  https://openfoam.org
    \\  /    A nd           | Version:  12
     \\/     M anipulation  |
\*---------------------------------------------------------------------------*/
FoamFile
{
    format      ascii;
    class       surfaceLabelField;
    location    "constant/fvMesh";
    object      polyFaces;
}
// * * * * * * * * * * * * * * * * * * * * * * * * * * * * * * * * * * * * * //

dimensions      [];

internalField   uniform -1;

boundaryField
{
    outlet
    {
        type            polyFaces;
    }
    impeller
    {
        type            polyFaces;
    }
    vessel
    {
        type            polyFaces;
    }
    shaft
    {
        type            polyFaces;
    }
    inlet
    {
        type            polyFaces;
    }
    nonCouple1
    {
        type            polyFaces;
    }
    nonCouple2
    {
        type            polyFaces;
    }
    walls
    {
        type            polyFaces;
    }
    nonConformalCyclic_on_nonCouple1
    {
        type            nonConformalPolyFaces;
        patchType       nonConformalCyclic;
        size            5976;
        value           nonuniform List<label> 
5976
(
352620
352621
352622
352623
352624
352625
352626
352627
352628
352629
352630
352631
352632
352633
352634
352635
352636
352637
352638
352639
352640
352641
352642
352643
352644
352645
352646
352647
352648
352649
352650
352651
352652
352653
352654
352655
352656
352657
352658
352659
352660
352661
352662
352663
352664
352665
352666
352667
352668
352669
352670
352671
352672
352673
352674
352675
352676
352677
352678
352679
352680
352681
352682
352683
352684
352685
352686
352687
352688
352689
352690
352691
352692
352693
352694
352695
352696
352697
352698
352699
352700
352701
352702
352703
352704
352705
352706
352707
352708
352709
352710
352711
352712
352713
352713
352714
352715
352715
352716
352717
352718
352719
352720
352721
352722
352723
352724
352725
352725
352726
352727
352728
352729
352730
352730
352730
352731
352732
352733
352734
352735
352736
352737
352738
352739
352740
352741
352742
352743
352744
352745
352746
352747
352748
352749
352750
352751
352752
352753
352754
352755
352756
352757
352757
352758
352759
352760
352761
352762
352763
352764
352764
352765
352766
352767
352768
352768
352769
352770
352771
352772
352773
352774
352775
352776
352777
352778
352779
352780
352781
352782
352783
352783
352784
352785
352786
352787
352788
352789
352790
352791
352792
352793
352794
352795
352796
352797
352798
352799
352800
352801
352802
352803
352804
352805
352806
352807
352808
352809
352810
352811
352812
352813
352814
352815
352816
352817
352818
352819
352820
352821
352822
352823
352824
352825
352826
352827
352828
352829
352830
352831
352832
352833
352834
352835
352836
352837
352838
352839
352840
352841
352842
352843
352844
352845
352846
352847
352848
352849
352850
352851
352852
352853
352854
352855
352856
352857
352858
352859
352860
352861
352862
352862
352863
352863
352864
352865
352866
352867
352868
352869
352870
352871
352872
352873
352874
352875
352876
352877
352878
352879
352880
352881
352881
352882
352883
352884
352885
352886
352887
352888
352889
352890
352891
352892
352893
352894
352895
352896
352897
352898
352899
352900
352901
352902
352903
352904
352905
352906
352907
352908
352909
352909
352910
352911
352912
352913
352914
352915
352916
352917
352918
352919
352920
352921
352922
352923
352924
352925
352926
352927
352928
352929
352930
352931
352932
352933
352934
352935
352936
352937
352938
352939
352940
352941
352942
352943
352944
352944
352945
352946
352947
352948
352949
352950
352951
352952
352953
352954
352955
352956
352957
352958
352959
352960
352961
352962
352963
352964
352965
352966
352967
352968
352969
352970
352971
352972
352973
352974
352975
352976
352977
352978
352979
352980
352981
352982
352983
352984
352985
352986
352987
352988
352989
352990
352991
352992
352993
352994
352995
352996
352997
352998
352999
353000
353001
353002
353003
353003
353004
353005
353006
353007
353008
353009
353010
353011
353012
353013
353014
353015
353016
353017
353018
353019
353020
353021
353022
353023
353024
353025
353026
353027
353028
353029
353030
353030
353031
353032
353033
353034
353035
353036
353037
353038
353039
353040
353041
353042
353043
353044
353045
353046
353047
353048
353049
353050
353051
353052
353053
353054
353055
353056
353057
353058
353059
353060
353061
353062
353063
353064
353065
353066
353067
353068
353068
353069
353070
353071
353072
353073
353074
353075
353076
353077
353078
353079
353080
353081
353082
353083
353084
353085
353086
353087
353088
353089
353090
353091
353092
353093
353094
353095
353096
353097
353098
353099
353100
353101
353102
353103
353104
353105
353106
353107
353108
353109
353110
353111
353112
353113
353114
353115
353116
353117
353118
353119
353120
353121
353122
353123
353124
353125
353126
353127
353128
353129
353130
353131
353132
353133
353134
353135
353136
353137
353138
353139
353140
353141
353142
353143
353144
353145
353146
353147
353148
353149
353150
353151
353152
353153
353154
353155
353156
353157
353158
353159
353160
353161
353162
353163
353164
353165
353166
353167
353168
353169
353170
353171
353172
353173
353174
353175
353176
353177
353178
353179
353180
353181
353182
353183
353184
353185
353186
353187
353188
353189
353190
353190
353191
353192
353193
353194
353195
353196
353197
353198
353199
353200
353201
353202
353203
353204
353205
353206
353207
353208
353209
353210
353211
353212
353213
353214
353215
353216
353217
353218
353219
353220
353221
353222
353223
353224
353225
353226
353227
353228
353229
353230
353231
353232
353233
353234
353235
353236
353237
353238
353239
353240
353241
353242
353243
353244
353245
353246
353247
353248
353249
353250
353251
353252
353253
353254
353255
353256
353257
353258
353259
353260
353261
353262
353263
353264
353265
353266
353267
353268
353269
353270
353271
353272
353273
353274
353275
353276
353277
353278
353279
353280
353281
353282
353283
353284
353285
353286
353287
353288
353289
353290
353291
353292
353293
353294
353295
353296
353297
353298
353299
353300
353301
353302
353303
353304
353305
353306
353307
353308
353309
353310
353311
353312
353313
353314
353315
353316
353317
353318
353319
353320
353321
353322
353323
353324
353325
353326
353327
353328
353329
353330
353331
353332
353333
353334
353335
353336
353337
353338
353339
353340
353341
353342
353343
353344
353345
353346
353347
353348
353349
353350
353351
353352
353353
353354
353355
353356
353357
353358
353359
353360
353361
353362
353363
353364
353365
353366
353367
353368
353369
353370
353371
353372
353373
353374
353375
353376
353376
353377
353378
353379
353380
353381
353382
353383
353384
353385
353386
353387
353388
353389
353390
353391
353392
353393
353394
353395
353396
353397
353398
353399
353400
353401
353402
353403
353404
353405
353406
353407
353408
353409
353410
353411
353412
353413
353414
353415
353416
353417
353418
353419
353420
353421
353422
353423
353424
353425
353426
353427
353428
353429
353430
353431
353432
353433
353434
353435
353436
353437
353438
353439
353440
353441
353442
353443
353444
353445
353446
353447
353448
353449
353450
353451
353452
353453
353454
353455
353456
353457
353458
353459
353460
353461
353462
353463
353464
353465
353466
353467
353468
353469
353470
353471
353472
353473
353474
353475
353476
353477
353478
353479
353480
353481
353482
353483
353484
353485
353486
353487
353488
353489
353490
353491
353492
353493
353494
353495
353496
353497
353498
353499
353500
353501
353502
353503
353504
353504
353505
353506
353507
353508
353509
353510
353511
353512
353513
353514
353515
353516
353517
353518
353519
353520
353521
353522
353523
353524
353525
353526
353527
353528
353529
353530
353531
353532
353533
353534
353535
353536
353537
353538
353539
353540
353541
353542
353543
353544
353545
353546
353547
353548
353549
353550
353551
353552
353553
353554
353555
353556
353557
353558
353559
353560
353561
353562
353563
353564
353565
353566
353567
353568
353569
353570
353571
353572
353573
353574
353575
353576
353577
353578
353579
353580
353581
353582
353583
353584
353584
353585
353586
353587
353588
353589
353590
353591
353592
353593
353594
353595
353596
353597
353598
353599
353600
353601
353602
353603
353604
353605
353606
353607
353608
353609
353610
353611
353612
353613
353614
353615
353616
353617
353618
353619
353620
353621
353622
353623
353624
353625
353626
353627
353628
353629
353630
353631
353632
353633
353634
353635
353636
353637
353638
353639
353640
353641
353642
353643
353644
353645
353646
353647
353648
353649
353650
353651
353652
353653
353654
353655
353656
353657
353658
353659
353660
353661
353662
353663
353664
353665
353666
353667
353668
353669
353670
353671
353672
353673
353674
353675
353676
353677
353678
353679
353679
353680
353681
353682
353683
353684
353685
353686
353687
353688
353689
353690
353691
353692
353693
353694
353695
353696
353697
353698
353699
353700
353701
353702
353703
353704
353705
353706
353707
353708
353709
353710
353711
353712
353712
353713
353714
353715
353716
353717
353718
353719
353720
353721
353722
353723
353724
353725
353726
353727
353728
353729
353730
353731
353732
353733
353734
353735
353736
353737
353738
353739
353740
353741
353742
353743
353744
353745
353746
353747
353748
353748
353749
353750
353751
353752
353752
353753
353754
353755
353756
353757
353758
353759
353760
353761
353762
353763
353764
353765
353766
353767
353768
353769
353770
353771
353772
353773
353774
353775
353776
353777
353778
353779
353780
353781
353782
353783
353784
353785
353786
353787
353788
353789
353790
353791
353792
353793
353794
353795
353796
353797
353798
353799
353800
353801
353802
353803
353804
353805
353806
353807
353808
353809
353810
353811
353812
353813
353814
353815
353816
353817
353818
353819
353820
353821
353822
353823
353824
353825
353826
353827
353828
353829
353830
353831
353832
353833
353834
353835
353836
353837
353838
353839
353840
353841
353842
353843
353844
353845
353846
353847
353848
353849
353850
353851
353852
353853
353854
353855
353856
353857
353858
353859
353860
353861
353862
353863
353864
353865
353866
353867
353868
353869
353870
353871
353872
353873
353874
353875
353876
353877
353878
353879
353879
353880
353881
353882
353883
353884
353885
353886
353887
353888
353889
353889
353890
353891
353892
353893
353894
353895
353896
353897
353898
353899
353900
353901
353902
353903
353904
353905
353906
353906
353907
353908
353909
353910
353911
353912
353913
353914
353915
353916
353917
353918
353919
353920
353921
353922
353923
353924
353925
353926
353927
353928
353929
353930
353931
353932
353933
353934
353935
353936
353937
353938
353939
353940
353941
353942
353943
353943
353944
353945
353946
353947
353948
353949
353950
353951
353952
353953
353954
353955
353956
353957
353958
353959
353960
353961
353962
353963
353964
353965
353966
353967
353968
353969
353970
353971
353972
353973
353974
353975
353976
353976
353977
353978
353979
353980
353981
353982
353983
353984
353985
353986
353987
353988
353989
353990
353991
353992
353993
353994
353995
353996
353997
353998
353999
354000
354001
354001
354002
354003
354004
354005
354006
354007
354008
354009
354009
354010
354011
354012
354013
354014
354015
354016
354017
354018
354019
354020
354020
354021
354022
354023
354024
354025
354026
354027
354028
354029
354030
354030
354031
354032
354033
354034
354035
354036
354037
354038
354039
354040
354041
354042
354043
354044
354045
354046
354047
354048
354049
354050
354051
354052
354053
354054
354055
354056
354057
354058
354059
354060
354061
354062
354063
354064
354065
354066
354067
354068
354069
354070
354071
354072
354073
354074
354075
354076
354077
354078
354079
354080
354081
354082
354083
354084
354085
354086
354087
354088
354089
354090
354091
354092
354093
354094
354095
354095
354096
354097
354098
354099
354099
354100
354101
354102
354103
354104
354105
354106
354107
354108
354109
354110
354111
354112
354113
354114
354115
354116
354117
354118
354119
354120
354121
354122
354123
354124
354125
354126
354127
354127
354128
354129
354129
354130
354131
354132
354133
354134
354135
354136
354137
354138
354139
354140
354141
354142
354143
354144
354145
354146
354147
354148
354149
354150
354151
354152
354153
354154
354155
354156
354157
354158
354159
354160
354161
354162
354163
354164
354165
354166
354167
354168
354169
354170
354171
354172
354173
354174
354175
354176
354177
354178
354179
354180
354181
354182
354183
354184
354185
354186
354187
354188
354189
354190
354191
354192
354193
354194
354195
354196
354197
354198
354199
354200
354201
354202
354203
354204
354205
354206
354207
354208
354209
354210
354211
354212
354213
354214
354215
354216
354217
354218
354219
354220
354221
354222
354223
354224
354225
354226
354227
354228
354229
354230
354231
354232
354233
354234
354235
354236
354237
354238
354239
354240
354241
354242
354243
354244
354245
354246
354247
354248
354249
354250
354251
354252
354253
354254
354255
354256
354257
354258
354259
354260
354261
354262
354263
354264
354265
354266
354267
354268
354269
354270
354271
354272
354273
354274
354275
354276
354277
354278
354279
354280
354281
354282
354283
354284
354285
354286
354287
354288
354289
354290
354291
354292
354293
354294
354295
354296
354297
354298
354299
354300
354301
354302
354303
354304
354305
354306
354307
354308
354309
354310
354311
354312
354313
354314
354315
354316
354317
354318
354319
354320
354321
354322
354323
354324
354325
354326
354327
354328
354329
354330
354331
354332
354332
354333
354334
354335
354336
354336
354337
354338
354339
354340
354341
354342
354343
354344
354345
354346
354347
354348
354349
354350
354351
354352
354353
354354
354355
354356
354357
354358
354359
354360
354361
354362
354363
354364
354365
354366
354367
354368
354369
354370
354371
354372
354373
354374
354375
354376
354377
354378
354379
354380
354381
354382
354383
354384
354385
354386
354387
354388
354389
354390
354391
354392
354393
354394
354395
354396
354397
354398
354399
354400
354401
354402
354403
354404
354405
354406
354407
354408
354409
354410
354411
354412
354413
354414
354415
354416
354417
354418
354419
354420
354421
354422
354423
354424
354425
354426
354427
354428
354429
354430
354431
354432
354433
354434
354435
354436
354437
354438
354439
354440
354441
354442
354443
354444
354445
354446
354447
354448
354449
354450
354451
354452
354453
354454
354455
354456
354457
354458
354459
354460
354461
354462
354463
354464
354465
354466
354467
354468
354469
354470
354471
354472
354473
354474
354475
354476
354477
354478
354479
354480
354481
354482
354483
354484
354485
354486
354487
354488
354489
354490
354491
354492
354493
354494
354495
354496
354497
354498
354499
354500
354501
354502
354503
354504
354505
354506
354507
354508
354509
354510
354511
354512
354513
354514
354515
354516
354517
354518
354519
354520
354521
354522
354523
354524
354525
354526
354527
354528
354529
354530
354531
354532
354533
354534
354535
354536
354537
354538
354539
354540
354541
354542
354543
354544
354545
354546
354547
354548
354549
354550
354551
354552
354553
354554
354555
354556
354557
354558
354559
354560
354561
354562
354563
354564
354565
354566
354567
354568
354569
354570
354571
354572
354573
354574
354575
354576
354577
354578
354579
354580
354581
354582
354583
354584
354585
354586
354587
354588
354589
354590
354591
354592
354593
354594
354595
354596
354597
354598
354599
354600
354601
354602
354603
354604
354605
354606
354607
354608
354609
354610
354611
354612
354613
354614
354615
354616
354617
354618
354619
354620
354621
354622
354623
354624
354625
354626
354627
354628
354629
354630
354631
354632
354633
354634
354635
354636
354637
354638
354639
354639
354640
354641
354642
354643
354644
354645
354646
354647
354648
354649
354650
354650
354651
354652
354653
354654
354655
354656
354657
354658
354659
354660
354661
354662
354663
354664
354665
354666
354667
354667
354668
354669
354670
354671
354672
354673
354674
354675
354676
354677
354678
354679
354680
354681
354682
354682
354683
354684
354685
354686
354687
354688
354689
354690
354691
354692
354693
354694
354695
354696
354697
354698
354699
354700
354701
354702
354703
354704
354705
354706
354707
354707
354708
354709
354710
354711
354712
354713
354713
354714
354715
354716
354717
354718
354719
354720
354721
354722
354723
354724
354725
354726
354727
354728
354729
354730
354731
354731
354731
354732
354733
354734
354735
354736
354737
354738
354739
354740
354741
354742
354743
354744
354745
354746
354747
354748
354749
354750
354751
354752
354753
354754
354755
354756
354757
354758
354759
354760
354761
354762
354763
354764
354765
354766
354767
354768
354769
354770
354771
354772
354773
354774
354774
354774
354775
354776
354777
354778
354779
354780
354780
354781
354782
354783
354784
354785
354786
354787
354788
354789
354790
354791
354792
354793
354794
354795
354796
354797
354798
354799
354800
354801
354802
354803
354804
354805
354806
354807
354808
354809
354810
354811
354812
354813
354814
354815
354816
354817
354818
354819
354819
354820
354821
354821
354822
354823
354824
354824
354825
354826
354827
354828
354829
354830
354831
354832
354832
354833
354834
354835
354836
354837
354838
354839
354840
354841
354842
354843
354844
354845
354846
354847
354848
354849
354850
354851
354852
354853
354854
354855
354856
354857
354858
354859
354860
354861
354862
354863
354864
354865
354866
354867
354868
354869
354870
354871
354872
354873
354874
354875
354876
354877
354878
354879
354880
354881
354882
354882
354883
354884
354885
354886
354887
354888
354889
354890
354891
354892
354893
354894
354895
354896
354896
354897
354898
354899
354900
354901
354902
354903
354904
354905
354906
354907
354908
354909
354910
354911
354912
354913
354914
354915
354916
354917
354918
354919
354920
354921
354922
354923
354924
354925
354926
354927
354928
354929
354930
354931
354932
354933
354934
354935
354936
354937
354938
354939
354940
354941
354942
354943
354944
354945
354946
354947
354948
354949
354950
354951
354952
354952
354953
354954
354955
354956
354957
354958
354959
354960
354961
354962
354963
354964
354965
354966
354967
354968
354969
354970
354970
354971
354972
354973
354974
354975
354976
354977
354977
354978
354979
354980
354981
354982
354983
354984
354985
354986
354987
354988
354989
354990
354991
354992
354993
354994
354995
354996
354997
354998
354999
355000
355001
355002
355003
355004
355005
355006
355007
355008
355009
355010
355011
355012
355013
355014
355015
355016
355017
355018
355019
355020
355021
355022
355023
355024
355025
355026
355027
355028
355029
355030
355031
355032
355033
355034
355035
355036
355037
355038
355039
355040
355041
355042
355043
355044
355045
355046
355047
355048
355049
355050
355051
355052
355053
355054
355055
355056
355057
355058
355059
355060
355061
355062
355063
355064
355065
355066
355067
355068
355069
355070
355071
355072
355073
355074
355075
355076
355077
355078
355079
355080
355081
355082
355083
355084
355085
355086
355087
355088
355089
355090
355091
355092
355093
355094
355095
355096
355097
355098
355099
355100
355101
355102
355103
355104
355105
355106
355107
355108
355109
355110
355111
355112
355113
355114
355115
355116
355117
355117
355118
355119
355120
355121
355122
355123
355124
355125
355126
355127
355127
355128
355129
355130
355131
355132
355133
355134
355135
355136
355137
355138
355139
355140
355141
355142
355143
355144
355145
355146
355147
355148
355149
355150
355151
355152
355153
355154
355155
355156
355157
355158
355159
355160
355161
355162
355163
355164
355164
355165
355166
355167
355168
355169
355170
355171
355172
355173
355174
355175
355176
355177
355178
355179
355180
355181
355182
355183
355184
355185
355186
355187
355188
355189
355190
355191
355192
355193
355194
355195
355196
355197
355198
355199
355200
355201
355202
355203
355204
355205
355206
355207
355208
355209
355210
355211
355212
355213
355214
355215
355216
355217
355218
355219
355220
355221
355222
355223
355224
355225
355226
355227
355228
355229
355230
355231
355232
355233
355233
355234
355235
355236
355237
355238
355239
355240
355241
355242
355243
355244
355245
355246
355247
355248
355249
355250
355251
355252
355253
355254
355255
355256
355257
355258
355259
355260
355261
355262
355263
355264
355265
355266
355267
355268
355269
355270
355271
355272
355273
355274
355275
355276
355277
355278
355279
355280
355281
355282
355283
355284
355285
355286
355287
355288
355289
355290
355291
355291
355292
355293
355294
355295
355296
355297
355298
355299
355300
355301
355302
355303
355304
355305
355306
355307
355308
355309
355310
355310
355311
355312
355313
355314
355315
355316
355317
355318
355319
355320
355321
355322
355323
355324
355325
355326
355327
355328
355329
355330
355331
355332
355333
355334
355335
355335
355336
355337
355338
355339
355340
355341
355342
355342
355343
355344
355345
355346
355347
355348
355349
355350
355351
355352
355353
355354
355355
355356
355357
355358
355359
355360
355361
355362
355363
355364
355365
355366
355367
355368
355369
355370
355371
355372
355373
355374
355375
355376
355377
355378
355379
355380
355381
355382
355383
355384
355385
355386
355387
355388
355389
355390
355391
355392
355393
355394
355395
355396
355397
355398
355399
355400
355401
355402
355403
355404
355405
355406
355407
355408
355409
355410
355411
355412
355413
355414
355415
355416
355417
355418
355419
355420
355421
355422
355423
355424
355425
355426
355427
355428
355429
355430
355431
355432
355433
355434
355435
355436
355437
355438
355439
355440
355441
355442
355443
355444
355445
355446
355447
355448
355449
355450
355451
355452
355453
355454
355455
355456
355457
355457
355458
355459
355460
355460
355461
355461
355462
355463
355464
355465
355466
355467
355468
355469
355470
355471
355472
355473
355474
355475
355476
355477
355478
355479
355480
355481
355482
355483
355484
355485
355486
355487
355488
355489
355490
355491
355492
355493
355494
355495
355496
355497
355498
355499
355500
355501
355502
355503
355504
355505
355505
355506
355507
355508
355509
355510
355511
355512
355513
355514
355515
355516
355517
355518
355519
355520
355521
355522
355523
355524
355525
355526
355527
355528
355529
355530
355531
355532
355533
355533
355534
355535
355536
355537
355538
355539
355540
355541
355542
355543
355544
355545
355546
355547
355548
355549
355550
355551
355552
355553
355554
355555
355556
355557
355558
355559
355560
355561
355562
355563
355564
355565
355566
355567
355568
355569
355570
355571
355572
355573
355574
355575
355576
355577
355578
355579
355580
355581
355582
355583
355584
355585
355586
355587
355588
355589
355589
355590
355591
355592
355593
355594
355595
355596
355596
355597
355598
355599
355600
355601
355602
355603
355604
355605
355606
355607
355608
355609
355610
355611
355612
355613
355614
355615
355616
355617
355618
355619
355620
355621
355622
355623
355624
355625
355626
355627
355628
355629
355630
355631
355632
355633
355634
355635
355636
355637
355638
355639
355640
355641
355642
355643
355644
355645
355646
355647
355648
355649
355650
355651
355652
355653
355654
355655
355656
355657
355658
355659
355660
355661
355662
355663
355664
355665
355666
355667
355668
355669
355670
355671
355672
355673
355674
355675
355676
355677
355678
355679
355680
355681
355682
355683
355684
355685
355686
355687
355688
355689
355690
355691
355692
355693
355693
355694
355695
355696
355697
355698
355699
355700
355701
355702
355703
355704
355705
355706
355707
355708
355709
355710
355711
355712
355713
355714
355714
355715
355716
355717
355718
355719
355720
355721
355722
355723
355724
355725
355726
355727
355728
355729
355730
355731
355732
355733
355734
355735
355736
355737
355738
355739
355740
355741
355742
355743
355744
355745
355746
355747
355748
355749
355750
355751
355752
355753
355754
355755
355756
355757
355758
355759
355760
355761
355762
355763
355764
355765
355766
355767
355768
355769
355770
355771
355772
355773
355774
355775
355776
355777
355778
355779
355780
355781
355782
355783
355784
355785
355786
355787
355788
355789
355790
355791
355792
355793
355794
355795
355796
355797
355798
355799
355800
355801
355802
355803
355804
355805
355806
355807
355808
355809
355810
355811
355812
355813
355814
355815
355816
355817
355818
355819
355820
355821
355822
355823
355824
355825
355826
355827
355828
355829
355830
355831
355832
355833
355834
355834
355835
355835
355836
355837
355838
355839
355840
355841
355842
355843
355844
355845
355846
355847
355848
355849
355849
355850
355851
355852
355853
355854
355855
355856
355857
355858
355859
355860
355861
355862
355863
355864
355865
355866
355867
355868
355869
355870
355871
355872
355873
355874
355875
355876
355877
355878
355879
355880
355880
355881
355882
355883
355884
355885
355886
355886
355887
355888
355889
355890
355891
355892
355893
355894
355895
355896
355897
355898
355899
355899
355900
355901
355902
355903
355904
355905
355906
355907
355908
355909
355910
355911
355912
355913
355914
355915
355916
355917
355918
355919
355920
355921
355922
355923
355924
355925
355926
355927
355928
355929
355930
355931
355932
355933
355934
355935
355936
355937
355938
355939
355940
355941
355942
355943
355944
355945
355946
355947
355948
355949
355950
355951
355952
355953
355954
355955
355956
355957
355958
355959
355960
355961
355962
355963
355964
355965
355966
355967
355968
355969
355970
355971
355972
355973
355974
355975
355976
355977
355978
355979
355980
355981
355982
355983
355984
355985
355986
355987
355988
355989
355990
355991
355992
355993
355994
355995
355996
355997
355998
355999
356000
356001
356002
356003
356004
356005
356006
356007
356008
356009
356010
356011
356012
356013
356014
356015
356016
356017
356018
356019
356020
356021
356022
356023
356024
356025
356026
356027
356028
356029
356030
356031
356032
356033
356034
356035
356036
356037
356038
356039
356040
356041
356042
356043
356043
356044
356045
356046
356047
356048
356049
356050
356051
356052
356053
356054
356055
356056
356057
356058
356059
356060
356061
356062
356063
356064
356065
356066
356067
356068
356069
356070
356071
356072
356073
356074
356075
356076
356077
356078
356079
356080
356081
356082
356083
356084
356085
356086
356087
356088
356089
356090
356091
356092
356093
356094
356095
356096
356097
356098
356099
356100
356101
356102
356103
356104
356105
356106
356107
356108
356109
356110
356111
356112
356113
356114
356115
356116
356117
356118
356119
356120
356120
356121
356122
356123
356124
356125
356126
356127
356128
356129
356130
356131
356132
356133
356134
356135
356136
356137
356138
356139
356140
356141
356142
356143
356144
356145
356146
356147
356148
356149
356150
356151
356152
356153
356154
356155
356156
356157
356158
356159
356160
356161
356162
356163
356164
356165
356166
356167
356168
356169
356170
356171
356172
356173
356174
356175
356176
356177
356178
356179
356179
356180
356181
356182
356182
356183
356184
356185
356186
356187
356188
356188
356189
356190
356191
356192
356193
356194
356195
356196
356197
356198
356199
356200
356201
356202
356203
356204
356205
356206
356207
356208
356209
356210
356211
356212
356213
356214
356215
356216
356217
356218
356219
356220
356221
356222
356223
356224
356225
356226
356227
356228
356229
356230
356231
356232
356233
356234
356234
356235
356236
356237
356238
356239
356240
356241
356242
356243
356244
356245
356246
356247
356248
356249
356250
356251
356252
356253
356254
356255
356256
356257
356258
356259
356260
356261
356262
356263
356264
356265
356266
356267
356268
356269
356270
356271
356272
356273
356274
356275
356276
356277
356278
356279
356280
356281
356282
356283
356284
356285
356286
356287
356288
356289
356290
356291
356292
356293
356294
356295
356296
356297
356298
356299
356300
356301
356302
356303
356304
356305
356306
356307
356308
356309
356310
356311
356312
356313
356314
356315
356316
356317
356318
356318
356319
356320
356321
356322
356323
356323
356324
356324
356325
356326
356327
356328
356329
356330
356331
356332
356333
356334
356335
356336
356337
356338
356339
356340
356341
356342
356343
356344
356345
356346
356347
356348
356349
356350
356351
356352
356353
356354
356355
356356
356357
356358
356359
356360
356361
356362
356363
356364
356365
356366
356367
356368
356369
356370
356371
356372
356373
356374
356375
356376
356377
356378
356379
356380
356381
356382
356383
356384
356385
356386
356387
356388
356389
356390
356391
356392
356393
356394
356395
356396
356397
356398
356399
356400
356401
356402
356403
356404
356405
356406
356407
356408
356409
356410
356411
356412
356413
356414
356415
356416
356417
356418
356419
356420
356421
356422
356423
356424
356425
356426
356427
356428
356429
356430
356431
356432
356433
356434
356435
356436
356437
356438
356439
356440
356441
356442
356443
356444
356445
356446
356447
356448
356449
356450
356451
356452
356453
356454
356455
356456
356457
356458
356459
356460
356461
356462
356463
356464
356465
356466
356467
356468
356469
356470
356471
356472
356473
356474
356475
356476
356477
356478
356479
356480
356481
356482
356483
356484
356485
356486
356487
356488
356489
356490
356491
356492
356493
356494
356495
356496
356497
356498
356499
356500
356501
356502
356503
356504
356505
356506
356507
356508
356509
356510
356511
356512
356513
356514
356515
356516
356517
356518
356519
356520
356521
356522
356523
356524
356525
356526
356527
356528
356529
356530
356531
356532
356533
356534
356535
356536
356537
356538
356539
356540
356541
356542
356543
356544
356545
356546
356547
356548
356549
356550
356551
356552
356553
356554
356555
356556
356557
356558
356559
356560
356561
356562
356563
356564
356565
356566
356567
356568
356569
356570
356571
356572
356573
356574
356575
356576
356577
356578
356579
356580
356581
356582
356583
356584
356585
356586
356587
356588
356589
356590
356591
356592
356593
356594
356595
356596
356597
356598
356599
356600
356601
356602
356603
356604
356605
356606
356607
356608
356609
356610
356611
356612
356613
356614
356615
356616
356617
356618
356619
356620
356621
356622
356623
356624
356625
356626
356627
356628
356629
356630
356631
356632
356633
356634
356635
356636
356637
356638
356639
356640
356641
356642
356643
356644
356645
356646
356647
356648
356649
356650
356651
356652
356653
356654
356655
356656
356657
356658
356659
356660
356661
356662
356663
356664
356665
356666
356667
356668
356669
356670
356671
356672
356673
356674
356675
356676
356677
356678
356679
356680
356681
356682
356683
356684
356685
356686
356687
356688
356689
356690
356691
356692
356693
356694
356695
356696
356697
356698
356699
356700
356701
356702
356703
356704
356705
356706
356707
356708
356709
356710
356711
356712
356713
356714
356715
356716
356717
356718
356719
356720
356721
356722
356723
356724
356725
356726
356727
356728
356729
356730
356731
356732
356733
356734
356735
356736
356737
356738
356739
356740
356741
356742
356743
356744
356745
356746
356747
356748
356749
356750
356751
356752
356753
356754
356755
356756
356757
356758
356759
356760
356761
356762
356763
356764
356765
356766
356767
356768
356769
356770
356771
356772
356773
356774
356775
356776
356777
356778
356779
356780
356781
356782
356783
356784
356785
356786
356787
356788
356789
356790
356791
356792
356793
356794
356795
356796
356797
356798
356799
356800
356801
356802
356803
356804
356805
356806
356807
356808
356809
356810
356811
356812
356813
356814
356815
356816
356817
356818
356819
356820
356821
356822
356823
356824
356825
356826
356827
356828
356829
356830
356831
356832
356833
356834
356835
356836
356837
356838
356839
356840
356841
356842
356843
356844
356845
356846
356847
356848
356849
356850
356851
356852
356853
356854
356855
356856
356857
356858
356859
356860
356861
356862
356863
356864
356865
356865
356866
356867
356868
356869
356870
356871
356872
356873
356874
356875
356876
356877
356878
356879
356880
356881
356882
356883
356884
356884
356885
356886
356887
356888
356889
356890
356891
356892
356893
356894
356895
356896
356897
356898
356899
356900
356901
356902
356903
356904
356905
356906
356907
356908
356909
356910
356911
356912
356913
356914
356915
356916
356917
356918
356919
356920
356921
356922
356923
356924
356925
356926
356927
356928
356929
356930
356931
356932
356933
356934
356935
356936
356937
356938
356939
356940
356941
356942
356943
356944
356945
356946
356947
356948
356949
356950
356951
356952
356953
356954
356955
356956
356957
356958
356959
356960
356961
356962
356963
356964
356965
356966
356967
356968
356969
356970
356971
356972
356973
356974
356975
356976
356977
356978
356979
356980
356981
356982
356983
356984
356985
356986
356987
356988
356989
356990
356991
356992
356993
356994
356995
356996
356997
356998
356999
357000
357001
357002
357003
357004
357005
357006
357007
357008
357009
357010
357011
357012
357013
357014
357015
357016
357017
357018
357019
357020
357021
357022
357023
357024
357025
357026
357027
357028
357029
357030
357031
357032
357033
357034
357035
357036
357037
357038
357039
357040
357041
357042
357043
357044
357045
357046
357047
357048
357049
357050
357051
357052
357053
357054
357055
357056
357057
357058
357059
357060
357061
357062
357063
357064
357065
357066
357067
357068
357069
357070
357071
357071
357072
357073
357074
357075
357076
357077
357078
357079
357080
357081
357082
357083
357084
357085
357086
357087
357088
357089
357090
357091
357092
357093
357094
357095
357096
357097
357098
357099
357100
357101
357102
357103
357104
357105
357106
357107
357108
357109
357110
357111
357112
357113
357114
357115
357116
357117
357118
357119
357120
357121
357122
357123
357124
357125
357126
357127
357128
357129
357130
357131
357132
357133
357134
357135
357136
357137
357138
357139
357140
357141
357142
357143
357144
357145
357146
357147
357148
357149
357150
357151
357152
357153
357154
357155
357156
357157
357158
357159
357160
357161
357162
357163
357164
357164
357165
357166
357167
357168
357169
357170
357171
357172
357173
357174
357175
357176
357177
357178
357179
357180
357181
357182
357183
357184
357185
357186
357187
357188
357189
357190
357191
357192
357193
357194
357195
357196
357197
357198
357199
357200
357201
357202
357203
357204
357205
357206
357207
357208
357209
357210
357211
357212
357213
357214
357215
357216
357217
357218
357219
357220
357221
357222
357223
357224
357225
357226
357227
357228
357229
357230
357230
357231
357232
357233
357234
357235
357236
357237
357238
357239
357240
357241
357242
357243
357244
357245
357246
357247
357248
357249
357250
357251
357252
357253
357254
357255
357256
357257
357258
357259
357260
357261
357262
357263
357264
357265
357266
357267
357268
357269
357270
357271
357272
357273
357274
357275
357275
357276
357277
357278
357279
357280
357281
357282
357283
357283
357284
357285
357286
357287
357287
357288
357289
357290
357291
357292
357293
357294
357295
357296
357297
357298
357299
357300
357301
357302
357303
357304
357305
357306
357307
357308
357309
357310
357311
357312
357313
357314
357315
357316
357317
357318
357319
357320
357321
357322
357323
357324
357325
357326
357327
357328
357329
357330
357331
357332
357333
357334
357335
357336
357337
357338
357339
357340
357341
357342
357343
357344
357345
357346
357347
357348
357349
357350
357351
357352
357353
357354
357355
357356
357357
357358
357359
357360
357361
357362
357363
357364
357365
357366
357367
357368
357369
357370
357371
357372
357373
357374
357375
357376
357377
357378
357379
357380
357381
357382
357383
357384
357385
357386
357387
357388
357389
357390
357391
357392
357393
357394
357395
357396
357397
357398
357399
357400
357400
357401
357402
357403
357404
357405
357406
357407
357408
357409
357410
357411
357412
357413
357414
357415
357416
357417
357418
357419
357420
357421
357421
357422
357423
357424
357425
357426
357427
357428
357429
357430
357431
357432
357433
357434
357435
357436
357437
357438
357439
357440
357441
357442
357443
357444
357445
357446
357447
357448
357449
357449
357450
357451
357452
357453
357454
357455
357456
357457
357458
357459
357460
357461
357462
357463
357464
357465
357466
357467
357468
357469
357470
357471
357472
357473
357474
357475
357476
357477
357478
357479
357480
357481
357482
357483
357484
357485
357486
357487
357488
357489
357490
357491
357492
357493
357494
357495
357496
357497
357498
357499
357500
357501
357502
357503
357504
357505
357506
357507
357508
357509
357510
357511
357512
357513
357514
357515
357516
357517
357518
357519
357520
357521
357522
357523
357524
357525
357526
357527
357528
357529
357530
357531
357532
357533
357534
357535
357536
357537
357538
357539
357540
357541
357542
357543
357544
357545
357546
357547
357548
357549
357550
357551
357552
357553
357554
357555
357556
357557
357558
357559
357560
357561
357562
357563
357564
357565
357566
357567
357568
357568
357569
357570
357571
357572
357573
357574
357575
357576
357577
357578
357579
357580
357581
357582
357583
357584
357585
357586
357587
357588
357589
357590
357591
357592
357593
357594
357595
357596
357597
357598
357599
357600
357601
357602
357603
357603
357604
357605
357606
357607
357607
357608
357609
357609
357610
357611
357612
357613
357614
357615
357616
357617
357618
357619
357619
357620
357621
357622
357623
357624
357625
357626
357626
357627
357628
357629
357630
357631
357632
357633
357634
357635
357636
357637
357638
357639
357640
357641
357642
357643
357644
357645
357646
357647
357648
357649
357650
357651
357652
357653
357654
357655
357656
357657
357658
357659
357660
357661
357662
357663
357664
357665
357666
357667
357668
357669
357670
357671
357672
357673
357674
357675
357676
357677
357678
357679
357680
357681
357682
357683
357684
357685
357686
357687
357688
357689
357690
357691
357692
357693
357694
357695
357696
357697
357698
357699
357700
357701
357702
357703
357704
357705
357706
357707
357708
357709
357710
357711
357712
357713
357714
357715
357716
357717
357718
357719
357720
357721
357722
357723
357724
357725
357726
357727
357728
357729
357730
357731
357732
357733
357734
357735
357736
357737
357738
357739
357740
357741
357742
357743
357744
357745
357746
357747
357748
357749
357750
357751
357752
357753
357754
357755
357756
357757
357758
357759
357760
357761
357762
357763
357764
357765
357766
357767
357768
357769
357770
357771
357772
357773
357774
357775
357776
357777
357778
357779
357780
357781
357782
357783
357784
357785
357786
357787
357788
357789
357790
357791
357792
357793
357794
357795
357796
357797
357798
357799
357800
357801
357802
357803
357804
357805
357806
357807
357808
357809
357810
357811
357812
357813
357814
357815
357816
357817
357818
357819
357820
357821
357822
357823
357824
357825
357826
357827
357828
357829
357830
357831
357832
357833
357834
357835
357836
357837
357838
357839
357840
357841
357842
357843
357844
357845
357846
357847
357848
357849
357850
357851
357852
357853
357854
357855
357856
357857
357858
357859
357860
357861
357862
357863
357864
357865
357866
357867
357868
357869
357870
357871
357872
357873
357874
357875
357876
357877
357878
357879
357880
357881
357882
357883
357884
357885
357886
357887
357888
357889
357890
357891
357892
357893
357894
357895
357896
357897
357898
357899
357900
357901
357902
357903
357904
357905
357906
357907
357908
357909
357910
357911
357912
357913
357914
357915
357916
357917
357918
357919
357920
357921
357922
357923
357924
357925
357926
357927
357928
357929
357930
357931
357932
357933
357934
357935
357936
357936
357937
357938
357939
357940
357941
357942
357943
357944
357945
357946
357947
357948
357949
357950
357951
357952
357953
357954
357955
357956
357957
357958
357959
357960
357961
357962
357963
357964
357965
357966
357967
357968
357969
357970
357971
357972
357973
357973
357974
357975
357976
357977
357978
357979
357980
357981
357982
357983
357984
357985
357986
357987
357988
357989
357990
357991
357992
357993
357993
357994
357995
357996
357997
357998
357999
358000
358001
358002
358003
358004
358005
358006
358007
358008
358009
358010
358011
358012
358013
358014
358015
358016
358017
358018
358019
358020
358021
358022
358023
358024
358025
358026
358027
358028
358029
358030
358030
358031
358032
358033
358034
358035
358036
358037
358038
358039
358040
358041
358042
358043
358044
358045
358046
358047
358048
358049
358050
358051
358052
358053
358054
358054
358055
358056
358057
358058
358059
358060
358061
358062
358063
358064
358065
358065
358066
358067
358068
358069
358070
358071
358072
358073
358074
358075
358076
358077
358078
358079
358080
358081
358082
358083
358084
358085
358086
358087
358088
358089
358090
358091
358092
358093
358094
358095
358096
358097
358098
358099
358100
358101
358102
358103
358104
358105
358106
358107
358108
358109
358110
358111
358112
358112
358113
358114
358115
358116
358117
358118
358119
358120
358121
358122
358123
358124
358125
358126
358127
358128
358129
358130
358131
358132
358133
358134
358135
358136
358137
358138
358139
358140
358141
358142
358143
358144
358145
358146
358147
358148
358149
358150
358151
358152
358153
358154
358155
358156
358157
358158
358159
358160
358161
358162
358163
358164
358165
358166
358167
358168
358169
358170
358171
358172
358173
358174
358175
358176
358177
358178
358179
358180
358181
358182
358183
358184
358185
358186
358187
358188
358189
358190
358191
358192
358193
358194
358195
358196
358197
358198
358199
358200
358201
358202
358203
358204
358205
358206
358207
358208
358209
358210
358211
358212
358213
358214
358215
358216
358217
358218
358219
358220
358221
358222
358223
358224
358225
358226
358227
358228
358229
358230
358231
358232
358233
358234
358235
358236
358237
358238
358238
358239
358240
358241
358242
358243
358244
358245
358245
358245
358246
358247
358248
358249
358249
358250
358251
358252
358253
358254
358255
358256
358257
358258
358259
358260
358261
358262
358263
358263
358264
358265
358266
358267
358268
358269
358270
358271
358272
358273
358274
358275
358276
358277
358278
358279
358280
358281
358282
358283
358284
358285
358286
358287
358288
358289
358290
358291
358292
358293
358294
358295
358296
358297
358298
358299
358300
358301
358302
358303
358304
358305
358306
358307
358308
358309
358310
358311
358312
358313
358314
358315
358316
358317
358318
358319
358320
358321
358322
358323
358324
358325
358326
358327
358328
358329
358330
358331
358332
358333
358334
358335
358336
358337
358338
358339
358340
358341
358342
358343
358344
358345
358346
358347
358348
358349
358350
358351
358352
358353
358354
358355
358356
358357
358358
358359
358360
358361
358362
358363
358364
358365
358366
358367
358368
358369
358370
358371
358372
358373
358374
358375
358376
358377
358378
358379
358380
358381
358382
358383
358384
358385
358386
358387
358388
358389
358390
358391
358392
358393
358394
358395
358396
358397
358398
358399
358400
358401
358402
358403
358404
358405
358406
358407
358407
358408
358409
358410
358411
358412
358413
358414
358415
358416
358417
358418
358419
358419
358420
358421
358422
358423
358424
358425
358426
358427
358428
358429
358429
358430
358431
358432
358433
358434
358435
358436
358437
358438
358439
358440
358441
358442
358442
358443
358444
358445
358446
358447
358448
358449
358450
358451
358452
358453
358454
358455
358455
358455
358456
358457
358458
358459
358460
358461
358461
358462
358463
358464
358465
358466
358467
)
;
    }
    nonConformalCyclic_on_nonCouple2
    {
        type            nonConformalPolyFaces;
        patchType       nonConformalCyclic;
        size            5976;
        value           nonuniform List<label> 
5976
(
358468
358469
358470
358471
358472
358473
358474
358475
358476
358477
358478
358479
358480
358481
358482
358483
358484
358485
358486
358487
358488
358489
358490
358491
358492
358493
358494
358495
358496
358497
358498
358499
358500
358501
358502
358503
358504
358505
358506
358507
358508
358509
358510
358511
358512
358513
358514
358515
358516
358517
358518
358519
358520
358521
358522
358523
358524
358525
358526
358527
358528
358529
358530
358531
358532
358533
358534
358535
358536
358537
358538
358539
358540
358541
358542
358543
358544
358545
358546
358547
358548
358549
358550
358551
358552
358553
358554
358555
358556
358557
358558
358559
358560
358559
358561
358562
358563
360715
358564
358565
358566
358567
358568
358569
358570
358571
358572
358573
360745
358574
358575
358576
358577
358578
358579
360560
358579
358580
358581
358582
358583
358584
358585
358586
358587
358588
358589
358590
358591
358592
358593
358594
358595
358596
358597
358598
358599
358600
358601
358602
358603
358604
358605
360648
358606
358607
358608
358609
358610
358611
358612
360847
358613
358614
358615
358616
360847
358617
358618
358619
358620
358621
358622
358623
358624
358625
358626
358627
358628
358629
358630
358631
360898
358632
358633
358634
358635
358636
358637
358638
358639
358640
358641
358642
358643
358644
358645
358646
358647
358648
358649
358650
358651
358652
358653
358654
358655
358656
358657
358658
358659
358660
358661
358662
358663
358664
358665
358666
358667
358668
358669
358670
358671
358672
358673
358674
358675
358676
358677
358678
358679
358680
358681
358682
358683
358684
358685
358686
358687
358688
358689
358690
358691
358692
358693
358694
358695
358696
358697
358698
358699
358700
358701
358702
358703
358704
358705
358706
358707
358708
358709
358710
361125
358711
361137
358712
358713
358714
358715
358716
358717
358718
358719
358720
358721
358722
358723
358724
358725
358726
358727
358728
358729
361168
358730
358731
358732
358733
358734
358735
358736
358737
358738
358739
358740
358741
358742
358743
358744
358745
358746
358747
358748
358749
358750
358751
358752
358753
358754
358755
358756
358757
361253
358758
358759
358760
358761
358762
358763
358764
358765
358766
358767
358768
358769
358770
358771
358772
358773
358774
358775
358776
358777
358778
358779
358780
358781
358782
358783
358784
358785
358786
358787
358788
358789
358790
358791
358792
361364
358793
358794
358795
358796
358797
358798
358799
358800
358801
358802
358803
358804
358805
358806
358807
358808
358809
358810
358811
358812
358813
358814
358815
358816
358817
358818
358819
358820
358821
358822
358823
358824
358825
358826
358827
358828
358829
358830
358831
358832
358833
358834
358835
358836
358837
358838
358839
358840
358841
358842
358843
358844
358845
358846
358847
358848
358849
358850
358851
361550
358852
358853
358854
358855
358856
358857
358858
358859
358860
358861
358862
358863
358864
358865
358866
358867
358868
358869
358870
358871
358872
358873
358874
358875
358876
358877
358878
361680
358879
358880
358881
358882
358883
358884
358885
358886
358887
358888
358889
358890
358891
358892
358893
358894
358895
358896
358897
358898
358899
358900
358901
358902
358903
358904
358905
358906
358907
358908
358909
358910
358911
358912
358913
358914
358915
358916
361738
358917
358918
358919
358920
358921
358922
358923
358924
358925
358926
358927
358928
358929
358930
358931
358932
358933
358934
358935
358936
358937
358938
358939
358940
358941
358942
358943
358944
358945
358946
358947
358948
358949
358950
358951
358952
358953
358954
358955
358956
358957
358958
358959
358960
358961
358962
358963
358964
358965
358966
358967
358968
358969
358970
358971
358972
358973
358974
358975
358976
358977
358978
358979
358980
358981
358982
358983
358984
358985
358986
358987
358988
358989
358990
358991
358992
358993
358994
358995
358996
358997
358998
358999
359000
359001
359002
359003
359004
359005
359006
359007
359008
359009
359010
359011
359012
359013
359014
359015
359016
359017
359018
359019
359020
359021
359022
359023
359024
359025
359026
359027
359028
359029
359030
359031
359032
359033
359034
359035
359036
359037
359038
362067
359039
359040
359041
359042
359043
359044
359045
359046
359047
359048
359049
359050
359051
359052
359053
359054
359055
359056
359057
359058
359059
359060
359061
359062
359063
359064
359065
359066
359067
359068
359069
359070
359071
359072
359073
359074
359075
359076
359077
359078
359079
359080
359081
359082
359083
359084
359085
359086
359087
359088
359089
359090
359091
359092
359093
359094
359095
359096
359097
359098
359099
359100
359101
359102
359103
359104
359105
359106
359107
359108
359109
359110
359111
359112
359113
359114
359115
359116
359117
359118
359119
359120
359121
359122
359123
359124
359125
359126
359127
359128
359129
359130
359131
359132
359133
359134
359135
359136
359137
359138
359139
359140
359141
359142
359143
359144
359145
359146
359147
359148
359149
359150
359151
359152
359153
359154
359155
359156
359157
359158
359159
359160
359161
359162
359163
359164
359165
359166
359167
359168
359169
359170
359171
359172
359173
359174
359175
359176
359177
359178
359179
359180
359181
359182
359183
359184
359185
359186
359187
359188
359189
359190
359191
359192
359193
359194
359195
359196
359197
359198
359199
359200
359201
359202
359203
359204
359205
359206
359207
359208
359209
359210
359211
359212
359213
359214
359215
359216
359217
359218
359219
359220
359221
359222
359223
359224
360400
359225
359226
359227
359228
359229
359230
359231
359232
359233
359234
359235
359236
359237
359238
359239
359240
359241
359242
359243
359244
359245
359246
359247
359248
359249
359250
359251
359252
359253
359254
359255
359256
359257
359258
359259
359260
359261
359262
359263
359264
359265
359266
359267
359268
359269
359270
359271
359272
359273
359274
359275
359276
359277
359278
359279
359280
359281
359282
359283
359284
359285
359286
359287
359288
359289
359290
359291
359292
359293
359294
359295
359296
359297
359298
359299
359300
359301
359302
359303
359304
359305
359306
359307
359308
359309
359310
359311
359312
359313
359314
359315
359316
359317
359318
359319
359320
359321
359322
359323
359324
359325
359326
359327
359328
359329
359330
359331
359332
359333
359334
359335
359336
359337
359338
359339
359340
359341
359342
359343
359344
359345
359346
359347
359348
359349
359350
359351
359352
362765
359353
359354
359355
359356
359357
359358
359359
359360
359361
359362
359363
359364
359365
359366
359367
359368
359369
359370
359371
359372
359373
359374
359375
359376
359377
359378
359379
359380
359381
359382
359383
359384
359385
359386
359387
359388
359389
359390
359391
359392
359393
359394
359395
359396
359397
359398
359399
359400
359401
359402
359403
359404
359405
359406
359407
359408
359409
359410
359411
359412
359413
359414
359415
359416
359417
359418
359419
359420
359421
359422
359423
359424
359425
359426
359427
359428
359429
359430
359431
359432
359433
359433
359434
359435
359436
359437
359438
359439
359440
359441
359442
359443
359444
359445
359446
359447
359448
359449
359450
359451
359452
359453
359454
359455
359456
359457
359458
359459
359460
359461
359462
359463
359464
359465
359466
359467
359468
359469
359470
359471
359472
359473
359474
359475
359476
359477
359478
359479
359480
359481
359482
359483
359484
359485
359486
359487
359488
359489
359490
359491
359492
359493
359494
359495
359496
359497
359498
359499
359500
359501
359502
359503
359504
359505
359506
359507
359508
359509
359510
359511
359512
359513
359514
359515
359516
359517
359518
359519
359520
359521
359522
359523
359524
359525
359526
359527
363098
359528
359529
359530
359531
359532
359533
359534
359535
359536
359537
359538
359539
359540
359541
359542
359543
359544
359545
359546
359547
359548
359549
359550
359551
359552
359553
359554
359555
359556
359557
359558
359559
359558
359560
359561
359562
359563
359564
359565
359566
359567
359568
359569
359570
359571
359572
359573
359574
359575
359576
359577
359578
359579
359580
359581
359582
359583
359584
359585
359586
359587
359588
359589
359590
359591
359592
359593
359594
359595
359596
363459
359597
359598
359599
359600
363459
359601
359602
359603
359604
359605
359606
359607
359608
359609
359610
359611
359612
359613
359614
359615
359616
359617
359618
359619
359620
359621
359622
359623
359624
359625
359626
359627
359628
359629
359630
359631
359632
359633
359634
359635
359636
359637
359638
359639
359640
359641
359642
359643
359644
359645
359646
359647
359648
359649
359650
359651
359652
359653
359654
359655
359656
359657
359658
359659
359660
359661
359662
359663
359664
359665
359666
359667
359668
359669
359670
359671
359672
359673
359674
359675
359676
359677
359678
359679
359680
359681
359682
359683
359684
359685
359686
359687
359688
359689
359690
359691
359692
359693
359694
359695
359696
359697
359698
359699
359700
359701
359702
359703
359704
359705
359706
359707
359708
359709
359710
359711
359712
359713
359714
359715
359716
359717
359718
359719
359720
359721
359722
359723
359724
359725
359726
359727
363822
359728
359729
359730
359731
359732
359733
359734
359735
359736
359737
363852
359738
359739
359740
359741
359742
359743
359744
359745
359746
359747
359748
359749
359750
359751
359752
359753
359754
359755
359755
359756
359757
359758
359759
359760
359761
359762
359763
359764
359765
359766
359767
359768
359769
359770
359771
359772
359773
359774
359775
359776
359777
359778
359779
359780
359781
359782
359783
359784
359785
359786
359787
359788
359789
359790
359791
363829
359792
359793
359794
359795
359796
359797
359798
359799
359800
359801
359802
359803
359804
359805
359806
359807
359808
359809
359810
359811
359812
359813
359814
359815
359816
359817
359818
359819
359820
359821
359822
359823
359824
363915
359825
359826
359827
359828
359829
359830
359831
359832
359833
359834
359835
359836
359837
359838
359839
359840
359841
359842
359843
359844
359845
359846
359847
359848
359849
364185
359850
359851
359852
359853
359854
359855
359856
359857
364188
359858
359859
359860
359861
359862
359863
359864
359865
359866
359867
359868
364027
359869
359870
359871
359872
359873
359874
359875
359876
359877
359878
364281
359879
359880
359881
359882
359883
359884
359885
359886
359887
359888
359889
359890
359891
359892
359893
359894
359895
359896
359897
359898
359899
359900
359901
359902
359903
359904
359905
359906
359907
359908
359909
359910
359911
359912
359913
359914
359915
359916
359917
359918
359919
359920
359921
359922
359923
359924
359925
359926
359927
359928
359929
359930
359931
359932
359933
359934
359935
359936
359937
359938
359939
359940
359941
359942
358497
359943
359944
359945
359946
359946
359947
359948
359949
359950
359951
359952
359953
359954
359955
359956
359957
359958
359959
359960
359961
359962
359963
359964
359965
359966
359967
359968
359969
359970
359971
359972
359973
359974
359975
359977
359976
359975
359977
359978
359979
359980
359981
359982
359983
359984
359985
359986
359987
359988
359989
359990
359991
359992
359993
359994
359995
359996
359997
359998
359999
360000
360001
360002
360003
360004
360005
360006
360007
360008
360009
360010
360011
360012
360013
360014
360015
360016
360017
360018
360019
360020
360021
360022
360023
360024
360025
360026
360027
360028
360029
360030
360031
360032
360033
360034
360035
360036
360037
360038
360039
360040
360041
360042
360043
360044
360045
360046
360047
360048
360049
360050
360051
360052
360053
360054
360055
360056
360057
360058
360059
360060
360061
360062
360063
360064
360065
360066
360067
360068
360069
360070
360071
360072
360073
360074
360075
360076
360077
360078
360079
360080
360081
360082
360083
360084
360085
360086
360087
360088
360089
360090
360091
360092
360093
360094
360095
360096
360097
360098
360099
360100
360101
360102
360103
360104
360105
360106
360107
360108
360109
360110
360111
360112
360113
360114
360115
360116
360117
360118
360119
360120
360121
360122
360123
360124
360125
360126
360127
360128
360129
360130
360131
360132
360133
360134
360135
360136
360137
360138
360139
360140
360141
360142
360143
360144
360145
360146
360147
360148
360149
360150
360151
360152
360153
360154
360155
360156
360157
360158
360159
360160
360161
360162
360163
360164
360165
360166
360167
360168
360169
360170
360171
360172
360173
360174
360175
360176
360177
360178
360179
359280
360180
360181
360182
360183
360183
360184
360185
360186
360187
360188
360189
360190
360191
360192
360193
360194
360195
360196
360197
360198
360199
360200
360201
360202
360203
360204
360205
360206
360207
360208
360209
360210
360211
360212
360213
360214
360215
360216
360217
360218
360219
360220
360221
360222
360223
360224
360225
360226
360227
360228
360229
360230
360231
360232
360233
360234
360235
360236
360237
360238
360239
360240
360241
360242
360243
360244
360245
360246
360247
360248
360249
360250
360251
360252
360253
360254
360255
360256
360257
360258
360259
360260
360261
360262
360263
360264
360265
360266
360267
360268
360269
360270
360271
360272
360273
360274
360275
360276
360277
360278
360279
360280
360281
360282
360283
360284
360285
360286
360287
360288
360289
360290
360291
360292
360293
360294
360295
360296
360297
360298
360299
360300
360301
360302
360303
360304
360305
360306
360307
360308
360309
360310
360311
360312
360313
360314
360315
360316
360317
360318
360319
360320
360321
360322
360323
360324
360325
360326
360327
360328
360329
360330
360331
360332
360333
360334
360335
360336
360337
360338
360339
360340
360341
360342
360343
360344
360345
360346
360347
360348
360349
360350
360351
360352
360353
360354
360355
360356
360357
360358
360359
360360
360361
360362
360363
360364
360365
360366
360367
360368
360369
360370
360371
360372
360373
360374
360375
360376
360377
360378
360379
360380
360381
360382
360383
360384
360385
360386
360387
360388
360389
360390
360391
360392
360393
360394
360395
360396
360397
360398
360399
360400
360401
360402
360403
360404
360405
360406
360407
360408
360409
360410
360411
360412
360413
360414
360415
360416
360417
360418
360419
360420
360421
360422
360423
360424
360425
360426
360427
360428
360429
360430
360431
360432
360433
360434
360435
360436
360437
360438
360439
360440
360441
360442
360443
360444
360445
360446
360447
360448
360449
360450
360451
360452
360453
360454
360455
360456
360457
360458
360459
360460
360461
360462
360463
360464
360465
360466
360467
360468
360469
360470
360471
360472
360473
360474
360475
360476
360477
360478
360479
360480
360481
360482
360483
360484
360485
360486
360480
360487
360488
360489
360490
360491
360492
360493
360494
360495
360496
360497
360497
360498
360499
360500
360501
360502
360503
360504
360505
360506
360507
360508
360509
360510
360511
360512
360513
360514
360515
360516
360516
360517
360518
360519
360520
360521
360522
360523
360524
360525
360526
360527
360528
360529
360439
360530
360531
360532
360533
360534
360535
360536
360537
360538
360539
360540
360541
360542
360543
360544
360545
360546
360547
360548
360549
360550
360551
360552
360553
360554
358492
360555
360556
360557
360558
360559
360560
358583
360561
360562
360563
360564
360565
360566
360567
360568
360569
360570
360571
360572
360573
360574
360575
360576
360577
360578
360559
360576
360579
360580
360581
360582
360583
360584
360585
360586
360587
360588
360589
360590
360591
360592
360593
360594
360595
360596
360597
360598
360599
360600
360601
360602
360603
360604
360605
360606
360607
360608
360609
360610
360611
360612
360613
360614
360615
360616
360617
360618
360619
360620
360621
360620
360622
360642
360623
360624
360625
360626
360627
358599
360628
360629
360630
360631
360632
360633
360634
360635
360636
360637
360638
360639
360640
360641
360642
360643
360644
360645
360646
360647
360648
360649
360650
360651
360652
360653
360654
360655
360656
360657
360658
360659
360660
360661
360662
360663
360664
360665
360666
360667
360833
360668
360669
360672
360670
360671
360672
360850
360673
360674
360675
360676
360677
360678
360679
360679
360680
360681
360682
360683
360684
360685
360686
360687
360688
360689
360690
360691
360692
360693
360694
360695
360696
360697
360698
360699
360700
360701
360702
360703
360704
360705
360706
360707
360708
360709
360710
360711
360712
360713
360714
360715
360716
360717
360718
360719
360720
360721
360722
360723
360724
360725
360726
360727
360728
360729
358573
360730
360731
360732
360733
360734
360735
360736
360737
360738
360739
360740
360741
360742
360743
358573
360744
360745
360746
360747
360748
360749
360750
360751
360752
360753
360754
360755
360756
360757
360758
360759
360760
360761
360762
360763
360764
360765
360766
360767
360768
360769
360770
360771
360772
360773
360774
360775
360776
360777
360778
360779
360780
360781
360782
360783
360784
360785
360786
360787
360788
360789
360790
360791
360792
360793
360794
360795
360796
360797
360798
360799
358598
360800
360801
360802
360803
360804
360805
360806
360807
360808
360809
360810
360811
360812
360813
360814
360815
360816
360817
358608
360818
360819
360820
360821
360822
360823
360824
360812
360825
360826
360827
360828
360829
360830
360831
360832
360833
360834
360835
360836
360837
360838
360839
360840
360841
360842
360843
360844
360845
360846
360847
360848
360849
360850
360851
360852
360853
360854
360855
360856
360857
360858
360859
360860
360861
360862
360863
360864
360865
360866
360867
360868
360869
360870
360871
360872
360873
360874
360875
360876
360877
360878
360879
360880
360881
360882
360883
360884
360885
360886
360887
360888
360889
360890
360891
360892
360893
360894
360895
360896
360897
360898
360899
360900
360901
360902
360903
360904
360905
360906
360907
360908
360909
360910
360911
360912
360913
360914
360915
360916
360917
360918
360919
360920
360921
360922
360923
360924
360925
360926
360927
360928
360929
360930
360931
360932
360933
360934
360935
360936
360937
360938
360939
360940
360941
360942
360943
360944
360945
360946
360947
360948
360949
360950
360951
360952
360953
360954
360955
360956
360957
360958
360959
360960
360961
360962
360963
360964
360952
360965
360966
360967
360968
360969
360970
360971
360972
360973
360974
360975
360977
360976
360977
360978
360979
360980
360981
360982
360983
360984
360985
360986
360987
360988
360989
360990
360991
360992
360993
360994
360995
360996
360997
360998
360999
361000
361001
361002
361003
361004
361005
361006
361007
361008
361009
361010
361011
361012
361025
361013
361014
361015
361016
361017
361018
361019
361020
361021
361022
361023
361024
361025
361026
361027
361028
361029
361030
361031
361032
361033
361034
361035
361036
361037
361038
361039
361040
361041
361042
361043
361044
361045
361046
361047
361048
361049
361050
361051
361052
361053
361054
361055
361056
361057
361058
361059
361060
361061
361062
361063
361064
361065
361066
361067
361068
361069
361070
361071
361072
361073
361074
361075
361076
361077
361078
361079
361080
361081
361082
361082
361083
361084
361085
361086
361087
361088
361089
361090
361091
361092
361093
361094
361095
361096
361097
361098
361099
361100
361101
361102
361103
361104
361105
361106
361107
361108
361109
361110
361111
361112
361113
361114
361115
361116
361117
361118
361119
361120
361121
361122
361123
361124
361125
361126
361127
361128
361129
361130
361131
361132
361133
361134
361135
361136
361137
361138
361139
361140
361140
361141
361142
361143
361144
361145
361146
361147
361148
361149
361150
361151
361152
361153
361154
361155
361156
361157
361157
361158
361159
361160
361161
361162
361163
361164
361165
361166
361167
361168
361169
361170
361171
361172
361173
361174
361175
361176
361177
361178
361179
361180
361181
361182
361182
361183
361184
361185
361186
361187
361188
361189
358735
361190
361191
361192
361193
361194
361195
361196
361197
361198
361199
361200
361201
361202
361203
361204
361205
361206
361207
361208
361209
361210
361211
361212
361213
361214
361215
361216
361217
361218
361219
361220
361221
361222
361223
361224
361225
361226
361227
361228
361229
361230
361231
361232
361233
361234
361235
361236
361237
361238
361239
361240
361241
361242
361243
361244
361245
361246
361247
361248
361249
361250
361251
361252
361253
361254
361255
361256
361257
361258
361259
361260
361261
361262
361263
361264
361265
361266
361267
361268
361269
361270
361271
361272
361273
361274
361275
361276
361277
361278
361279
361280
361281
361282
361283
361284
361285
361286
361287
361288
361289
361290
361291
361292
361293
361294
361295
361296
361297
361298
361299
361300
361301
361302
361303
361304
361298
361305
361306
361307
358833
361308
361309
361320
361310
361311
361312
361313
361314
361315
361316
361317
361318
361319
361320
361321
361322
361323
361324
361325
361326
361327
361328
361329
361330
361331
361332
361333
361334
361335
361336
361337
361338
361339
361340
361341
361342
361343
361344
361345
361346
361347
361348
361349
361350
361351
361352
361353
361355
361354
361355
361356
361357
361358
361359
361360
361361
361362
361363
361364
361365
361366
361367
361368
361369
361370
361371
361372
361373
361374
361375
361376
361377
361378
361379
361380
361379
361381
361382
361383
361384
361385
361386
361387
361388
361389
361390
361391
361392
361393
361394
361395
361396
361397
361398
361399
361400
361401
361402
361403
361404
361405
361406
361407
361408
361409
361410
361411
361412
361413
361414
361415
361416
361417
361418
361419
361420
361421
361422
361423
361424
361425
361426
361427
361428
361429
361430
361431
361432
361433
361434
361435
361436
361379
361437
361438
361439
361440
361441
361442
361443
358875
361444
361445
361446
361447
361448
361449
361450
361451
361452
361453
361454
361455
361456
361457
361458
361459
361460
361461
361462
361463
361464
361465
361466
361467
361468
361469
361470
361471
361472
361473
361474
361475
361476
361477
361478
361479
361480
361481
361482
361483
361484
361485
361486
361487
361488
361489
361490
361491
361492
361493
361494
361495
361496
361497
361498
361499
361500
361501
361502
361503
361504
361505
361506
361507
361508
361509
361510
361511
361512
361513
361514
361515
361516
361517
361518
361519
361520
361521
361522
361523
361524
361525
361526
361527
361528
361529
361530
361531
361532
361533
361534
361535
361536
361537
361538
361539
361540
361541
361543
361542
361543
361544
361545
361546
361547
361548
361549
361550
361551
361552
361553
361554
361555
361556
361557
361558
361559
361560
361561
361561
361562
361563
361564
361565
361566
361567
361568
361569
361570
361571
361572
361573
361574
361575
361576
361577
361578
361579
361580
361581
361582
361583
361584
361585
361586
361587
361588
361589
361590
361591
361592
361593
361594
361595
361596
361597
361598
361599
361600
361601
361602
361603
361604
361605
361606
361607
361608
361609
361610
361611
361612
361613
361614
361615
361616
361617
361618
361619
361620
361621
361622
361623
361624
361625
361626
361627
361628
361629
361630
361631
361632
361633
361634
361635
361636
361637
361638
361639
361640
361641
361642
361643
361644
361645
361646
361647
361648
361649
361650
361651
361652
361653
361654
361655
361656
361657
361658
361659
361660
361661
361662
361663
361664
361665
361666
361667
361668
361669
361670
361671
361672
361673
361674
361675
361676
361677
361678
361679
361680
361681
361680
361682
361682
361683
361684
361685
361686
361687
361688
361689
361690
361691
361692
361693
361694
361695
361696
358906
361697
361698
361699
361700
361701
361702
361703
361704
361705
361706
361707
361708
361709
361710
361711
361712
361713
361714
361715
361716
361717
361718
361719
361720
361721
361722
361723
361724
361725
361726
361727
361728
361895
361729
361730
361731
361732
361733
361727
361734
361735
361736
361737
361738
361739
361740
361741
361742
361743
361744
361745
361746
361747
361749
361748
361749
361750
361751
361752
361753
361754
361755
361756
361757
361758
361759
361760
361761
361762
361763
361764
361765
361766
361767
361768
361769
361770
361771
361772
361773
361774
361775
361776
361777
361778
361779
361780
361781
361782
361783
361784
361785
361786
361787
361788
361789
361790
361791
361792
361793
361794
361795
361796
361797
361798
361799
361800
361801
361802
361803
361804
361805
361806
361807
361808
361809
361810
361811
361812
361813
361814
361815
361816
361817
361818
361819
361820
361821
361822
361823
361824
361825
361826
361827
361828
361829
361830
361831
361832
361833
361834
361835
361836
361837
361838
361839
361840
361841
361842
361843
361844
361845
361846
361847
361848
361849
361850
361851
361852
361853
361854
361855
361856
361857
361858
361859
361860
361861
361862
361863
361864
361865
361866
361867
361868
361869
361870
361871
361872
361873
361874
361875
361876
361877
361878
361879
361880
361881
361882
361883
361884
361885
361886
361887
361888
361889
361890
361889
361891
361892
361893
361894
361895
361896
361897
361898
361899
361900
361901
361902
361903
361904
361905
361906
361907
361908
361909
361910
361911
361912
361913
361914
361915
361916
361917
361918
361919
361920
361921
361922
361923
361924
361925
361926
361927
361928
361929
361930
361931
361932
361933
361934
361935
361936
361937
361938
361939
361940
361941
361942
361943
361944
361945
361946
361947
361948
361949
361950
361951
361952
361953
361954
361955
361956
361957
361958
361959
361960
361961
361962
361963
361964
361965
361966
361967
361968
361970
361969
361970
361971
361972
361973
361974
361975
361976
361977
361978
361979
361980
361981
361982
361983
361984
361985
361986
361987
361988
361989
361990
361991
361992
361993
361994
361995
361996
361997
361998
361999
362000
362001
362002
362003
362004
362005
362006
362007
362008
362009
362010
362011
362012
362013
362014
362015
362016
362017
362018
362019
362020
362021
362022
362023
362024
362025
362026
362027
362029
362028
362029
362030
362032
362031
362032
362033
362034
362035
362036
362238
362037
362038
362039
362040
362041
362042
362043
362044
362045
362046
362047
362048
362049
362050
362051
362052
362053
362054
362055
362056
362057
362058
362059
362060
362061
362062
362063
362064
362065
362066
362067
362068
362069
362070
362071
362072
362073
362074
362075
362076
362077
362078
362079
362080
362081
361897
362082
362083
362084
362085
362086
362087
362088
362089
362090
362091
362092
362093
362094
362095
362096
362097
362098
362099
362100
362101
362102
362103
362104
362105
362106
362107
362108
362109
362110
362111
362112
362113
362114
362115
362116
362117
362118
362119
362120
362121
362122
362123
362124
362125
362126
362127
362128
362129
362130
362131
362132
362133
362134
362135
362136
362137
362138
362139
362140
362141
362142
362143
362144
362145
362146
362147
362148
362149
362150
362151
362152
362153
362154
362155
362156
362157
362158
362159
362160
362161
362162
362163
362164
362165
361974
362166
362167
362168
362169
362170
362166
362171
359074
362172
362173
362174
362175
362176
362177
362178
362179
362180
362181
362182
362183
362184
362185
362186
362187
362188
362189
362190
362191
362192
362193
362194
362195
362196
362197
362198
362199
362200
362201
362202
362203
362204
362205
362206
362207
362208
362209
362210
362211
362212
362213
362214
362215
362216
362217
362218
362219
362220
362221
362222
362223
362224
362225
362226
362227
362228
362229
362230
362231
362232
362233
362234
362235
362236
362237
362238
362239
362240
362241
362242
362243
362244
362245
362246
362247
362248
362249
362250
362251
362252
362253
362254
362255
362256
362257
362258
362259
362260
362261
362262
362263
362264
362265
362266
362267
362268
362269
362270
362271
362272
362273
362274
362275
362276
362277
362278
362279
362280
362281
362282
362283
362284
362285
362286
362287
362288
362289
362290
362291
362292
362293
362294
362295
362296
362297
362298
362299
362300
362301
362302
362303
362304
362305
362306
362307
362308
362309
362310
362311
362312
362313
362314
362315
362316
362317
362318
362319
362320
362321
362322
362323
362324
362325
362326
362327
362328
362329
362330
362331
362332
362333
362334
362335
362336
362337
362338
362339
362340
362341
362342
362343
362344
362345
362346
362347
362348
362349
362350
362351
362352
362353
362354
362355
362356
362357
362358
362359
362360
362361
362362
362363
362364
362365
362366
362367
362368
362369
362370
362371
362372
362373
362374
362375
362376
362377
362378
362379
362380
362381
362382
362383
362384
362385
362386
362387
362388
362389
362390
362391
362392
362393
362394
362395
362396
362397
362398
362399
362400
362401
362402
362403
362404
362405
362406
362407
362408
362409
362410
362411
362412
362413
362414
362415
362416
362417
362418
362419
362420
362421
362422
362423
362424
362425
362426
362427
362428
362429
362430
362431
362432
362433
362434
362435
362436
362437
362438
362439
362440
362441
362442
362443
362444
362445
362446
362447
362448
362449
362450
362451
362452
362453
362454
362455
362456
362457
362458
362459
362460
362461
362462
362463
362464
362465
362466
362467
362468
362469
362470
362471
362472
362473
362474
362475
362476
362477
362478
362479
362480
362481
362482
362483
362484
362485
362486
362487
362488
362489
362490
362491
362492
362493
362494
362495
362496
362497
362498
362499
362500
362501
362502
362503
362504
362505
362506
362507
362508
362509
362510
362511
362512
362513
362514
362515
362516
362517
362518
362519
362520
362521
362522
362523
362524
362525
362526
362527
362528
362529
362530
362531
362532
362533
362534
362535
362536
362537
362538
362539
362540
362541
362542
362543
362544
362545
362546
362547
362548
362549
362550
362551
362552
362553
362554
362555
362556
362557
362558
362559
362560
362561
362562
362563
362564
362565
362566
362567
362568
362569
362570
362571
362572
362573
362574
362575
362576
362577
362578
362579
362580
362581
362582
362583
362584
362585
362586
362587
362588
362589
362590
362591
362592
362593
362594
362595
362596
362597
362598
362599
362600
362601
362602
362603
362604
362605
362606
362607
362608
362609
362610
362611
362612
362613
362614
362615
362616
362617
362618
362619
362620
362621
362622
362623
362624
362625
362626
362627
362628
362629
362630
362631
362632
362633
362634
362635
362636
362637
362638
362639
362640
362641
362642
362643
362644
362645
362646
362647
362648
362649
362650
362651
362652
362653
362654
362655
362656
362657
362658
362659
362660
362661
362662
362663
362664
362665
362666
362667
362668
362669
362670
362671
362672
362673
362674
362675
362676
362677
362678
362679
362680
362681
362682
362683
362684
362685
362686
362687
362688
362689
362690
362691
362692
362693
362694
362695
362696
362697
362698
362699
362700
362701
362702
362703
362704
362705
362706
362707
362708
362709
362710
362711
362712
359333
362713
362714
362715
362716
362717
362718
362719
362720
362721
362722
362723
362724
362725
362726
362727
362728
362729
362730
362731
362729
362732
362733
362734
362735
362736
362737
362738
362739
362740
362741
362742
362743
362744
362745
362746
362747
362748
362749
362750
362751
362752
362753
362754
362755
362756
362757
362758
362759
362760
362761
362762
362763
362764
362765
362766
362767
362768
362769
362770
362771
362772
362773
362774
362775
362776
362777
362778
362779
362780
362781
362782
362783
362784
362785
362786
362787
362788
362789
362790
362791
362792
362793
362794
362795
362796
362797
362798
362799
362800
362801
362802
362803
362804
362805
362806
362807
362808
362809
362810
362811
362812
362813
362814
362815
362816
362817
362818
362819
362820
362821
362822
362823
362824
362825
362826
362827
362828
362829
362830
362831
362832
362833
362834
362835
362836
362837
362838
362839
362840
362841
362842
362843
362844
362845
362846
362847
362848
362849
362850
362851
362852
362853
362854
362855
362856
362857
362858
362859
362860
362861
362862
362863
362864
362865
362866
362867
362868
362869
362870
362871
362872
362873
362874
362875
362876
362877
362878
362879
362880
362881
362882
362883
362884
362885
362886
362887
362888
362889
362890
362891
362892
362893
362894
362895
362896
362897
362898
362899
362900
362901
362902
362903
362904
362905
362906
362907
362908
362909
362910
362911
362912
362913
362914
362915
362916
362917
362918
362919
362927
362920
362921
362922
362923
362924
362925
362926
362927
362928
362929
362930
362931
362932
362933
362934
362935
362936
362937
362938
362939
362940
362941
362942
362943
362944
362945
362946
362947
362948
362949
362950
362951
362952
362953
362954
362955
362956
362957
362958
362959
362960
362961
362962
362963
362964
362965
362966
362967
362968
362969
362970
362971
362972
362973
362974
362975
362976
362977
362978
362979
362980
362981
362982
362983
362984
362985
362986
362987
362988
362989
362990
362991
362992
362993
362994
362995
362996
362997
362998
362999
363000
363001
363002
363003
363004
363005
363006
363007
363008
363009
363010
363011
363011
363012
363013
363014
363015
363016
363017
363018
363019
363020
363021
363022
363023
363024
363025
363026
363027
363028
363029
363030
363031
363032
363033
363034
363035
363036
363037
363038
363039
363040
363041
363042
363043
363044
363045
363046
363047
363048
363049
363050
363051
363052
363053
363054
363055
363056
363057
363058
363059
363060
363061
363062
363063
363064
363065
363066
363067
363068
363069
363070
363071
363072
363073
363074
363075
363076
363077
363078
363079
363079
363080
363081
363082
363083
363084
363085
363086
363087
363088
363089
363090
363091
363092
363093
363094
363095
363096
363097
363098
363099
363100
363101
363102
363103
363104
363105
363106
363107
363108
363109
363110
363111
363112
363113
363114
363115
363116
363117
363118
363119
363120
363121
363122
363115
363123
363124
363125
363126
363127
363128
363129
363130
363131
363133
363132
363133
363134
363135
363137
363136
363137
363138
363139
363140
363141
363142
363143
363144
363145
363146
363147
363148
363149
363150
363151
363152
363153
363154
363155
363156
363157
363158
363159
363160
363161
363162
363163
363164
363165
363166
363167
363168
363169
363170
363171
363172
363173
363174
363175
363176
363177
363178
363179
363180
363181
363182
363183
363184
363185
363186
363187
363188
363189
363190
363191
363192
363193
363194
363195
363196
363197
363198
363199
363200
363201
363202
363203
363204
363205
363206
363207
363208
363209
363210
363211
363212
363213
363214
363215
363216
363217
363218
363219
363220
363221
363222
363223
363224
363225
363226
363227
363228
363229
363230
363231
363232
363233
363234
363235
363236
363237
363238
363239
363240
363241
363242
363243
363244
363245
363246
363247
363248
363255
363249
363250
363251
363252
363253
363254
363255
363256
363257
363258
363259
363260
363261
363262
363263
363264
363265
363266
363267
363268
359586
363269
363270
363271
363272
363273
363274
363275
363276
363277
363278
363279
363280
363281
363282
363283
363284
363285
363286
363287
363288
363289
363290
363291
363292
363293
363294
363295
363296
363297
363305
363298
363299
363300
363301
363302
363303
363304
363305
363306
363307
363308
363309
363310
363311
363312
363313
363314
363315
363316
363317
363318
363319
363320
363321
363322
363323
363324
363325
363326
363327
363328
363329
363330
363331
363332
363333
363334
363335
363336
363337
363338
363339
363340
363341
363342
363343
363344
363345
363346
363347
363348
363349
363350
363351
363352
363353
363354
363355
363356
363357
363358
363359
363360
363361
363362
363363
363364
363365
363366
363367
363368
363369
363370
363371
363372
363373
363374
363375
363376
363377
363378
363379
363380
363381
363382
363383
363384
363385
363386
363387
363388
363389
363390
363391
363392
363393
363394
363395
363396
363397
363398
363399
363400
363401
363402
363403
363404
363405
363406
363407
363408
363409
363410
363411
363412
363413
363414
363415
363369
363416
363417
363418
363419
363420
363421
363422
363423
363424
363425
363426
363427
363428
363429
363430
363431
363432
363433
363434
363435
363436
363437
363438
363439
363440
363441
363442
363443
363444
363445
363446
363447
363448
363449
363450
363450
363451
363452
363453
363454
363455
363463
363456
363449
363457
363458
363459
363460
363461
363462
363463
363464
363465
363466
363467
363475
363468
363469
363470
363471
363472
363473
359607
363474
363475
363476
363477
363478
363479
363480
363481
363482
363483
363484
363485
363486
363487
363488
363489
363490
363491
363492
363493
363494
363495
363496
363497
363498
363499
363500
363501
363502
363503
363504
363505
363506
363507
363508
363509
363510
363511
363512
363513
363514
363515
363516
363517
363518
363519
363520
363521
363522
363523
363524
363525
363526
363527
363528
363529
363530
363531
363532
363533
363534
363535
363536
363537
363538
363539
363540
363541
363542
363543
363544
363545
363546
363547
363548
363549
363550
363551
363552
363553
363554
363555
363556
363557
363558
363559
363560
363561
363562
363563
363564
363565
363566
363567
363568
363569
363570
363571
363572
363573
363574
363575
363576
363577
363578
363579
363580
363581
363582
363583
363584
363585
363586
363587
363588
363589
363590
363591
363592
363593
363594
363595
363596
363597
363598
363599
363600
363601
363602
363603
363604
363605
363606
363607
363608
363609
363610
363611
363612
363613
363614
363615
363616
363617
363618
363619
363620
363621
363622
363623
363624
363625
363626
363627
363628
363629
363630
363631
363632
363633
363634
363635
363636
363637
363638
363639
363640
363641
363642
363643
363644
363645
363646
363647
363648
363649
363650
363651
363652
363653
363654
363655
363656
363657
363658
363659
363660
363661
363662
363663
363664
363665
363666
363667
363668
363669
363670
363671
363672
363673
363674
363675
363676
363677
363678
363679
363680
363681
363682
363683
363684
363685
363686
363687
363688
363689
363690
363691
363692
363693
363694
363695
363696
363697
363698
363699
363700
363701
363702
363703
363704
363705
363706
363707
363708
363709
363710
363711
363712
363713
363714
363715
363716
363717
363718
363719
363720
363721
363722
363723
363724
363725
363726
363727
363728
363729
363730
363731
363732
363733
363734
363735
363736
363737
363738
363739
363740
363741
363742
363743
363744
363745
363746
363747
363748
363749
363750
363751
363752
363753
363754
363755
363756
363757
363758
363759
363760
363761
363762
363763
363764
363765
363766
363767
363768
363769
363770
363771
363772
363773
363774
363775
363776
363777
363778
363779
363780
363781
363782
363783
363784
363786
363785
363786
363787
363788
363789
363790
363791
363792
363793
363794
363795
363796
363797
363798
363799
363800
363801
363802
363803
363804
363805
363806
363807
363808
363809
363810
363811
363812
363813
363814
363815
363816
363817
363818
363819
363820
359789
363821
363822
363823
363824
363825
363826
363827
363828
363829
363830
363831
363832
363833
363834
363835
363836
363837
363838
363839
363840
363841
363854
363842
363843
363844
363845
363846
363847
363848
363849
363850
363851
363852
363853
363854
363855
363856
363857
363858
363859
363860
363861
363862
363863
363864
363865
363866
363867
363868
363869
363870
363871
363872
363873
363874
363875
363876
363877
363876
363878
363879
363880
363881
363882
363883
363884
363885
363886
363887
363888
363889
363890
363891
363892
363893
363894
363895
363896
363897
363898
363899
363900
363901
359753
363902
363903
363904
363905
363906
363907
363908
363909
363910
363911
363912
363911
363913
363914
363915
363916
363917
363918
363919
363920
363921
363922
363923
363924
363925
363926
363927
363928
363929
363930
363931
363932
363933
363934
363935
363936
363937
363938
363939
363940
363941
363942
363943
363944
363945
363946
363947
363948
363949
363950
363951
363952
363953
363954
363955
363956
363957
363958
363959
363957
363960
363961
363962
363963
363964
363965
363966
363967
363968
363969
363970
363971
363972
363973
363974
363975
363976
363977
363978
363979
363980
363981
363982
363983
363984
363985
363986
363987
363988
363989
363990
363991
363992
363993
363994
363995
363996
363997
363998
363999
364000
364001
364002
364003
364004
364005
364006
364007
364008
364009
364010
364011
364012
364013
364014
364015
364016
364017
364018
364019
364020
364021
364022
364023
364024
364025
364026
364027
364028
364029
364030
364031
364032
364033
364034
364035
364036
364037
364038
364039
364040
364041
364042
364043
364044
364045
364046
364047
364048
364049
364050
364051
364052
364053
364054
364055
364056
364057
364058
364059
364060
364061
364062
364063
364064
364065
364066
364067
364068
364069
364070
364071
364072
364073
364074
364075
364076
364077
364078
364079
364080
364081
364082
364083
364084
364085
364086
364315
364087
364088
364089
364090
364091
364092
364092
364093
364096
364094
364095
364096
364096
364097
364098
364099
364100
364101
364102
364103
364104
364105
364106
364107
364108
364109
364110
359820
364111
364112
364113
364114
364115
364116
364117
364118
364119
364120
364121
364122
364123
364124
364125
364126
364127
364128
364129
364130
364131
364132
364133
364134
364135
364136
364137
364138
364139
364140
364141
364142
364143
364144
364145
364146
364147
364148
364149
364150
364151
364152
364153
364154
364155
364156
364157
364158
364159
364160
364161
364162
364163
364164
364165
364166
364167
364168
364169
364170
364171
364172
364173
364174
364175
364176
364177
364178
364179
364180
364181
364182
364183
364184
364185
364186
364187
364188
364189
364190
364191
364192
364193
364194
364195
364196
364197
364198
364199
364200
364201
364202
364203
364204
364205
364206
364207
364208
364209
364210
364211
364212
364213
364214
364215
364216
364217
364218
364219
364220
364221
364222
364223
364224
364225
364226
364227
364228
364229
364230
364231
364232
364233
364234
364235
364236
364237
364238
364239
364240
364241
364242
364243
364244
364245
364246
364247
364248
364249
364250
364251
364252
364253
364254
359874
364255
364256
364257
364258
364259
364260
364261
364262
364263
364264
364265
364266
364265
364267
364268
364269
364270
364271
364272
364273
364274
364275
364276
364272
364277
364278
364279
364280
364281
364282
364283
364284
364285
364286
364287
364288
364289
364286
364290
364291
364292
364293
364294
364295
364296
364297
364298
364299
364300
364301
364302
364301
364303
364310
364304
364305
364306
364307
364308
359888
364309
364310
364311
364312
364313
364314
364315
)
;
    }
    nonConformalError_on_nonCouple1
    {
        type            nonConformalPolyFaces;
        patchType       nonConformalError;
        size            0;
        value           nonuniform List<label> 0();
    }
    nonConformalError_on_nonCouple2
    {
        type            nonConformalPolyFaces;
        patchType       nonConformalError;
        size            0;
        value           nonuniform List<label> 0();
    }
}


// ************************************************************************* //
