/*--------------------------------*- C++ -*----------------------------------*\
  =========                 |
  \\      /  F ield         | OpenFOAM: The Open Source CFD Toolbox
   \\    /   O peration     | Website:  https://openfoam.org
    \\  /    A nd           | Version:  9
     \\/     M anipulation  |
\*---------------------------------------------------------------------------*/
FoamFile
{
    format      ascii;
    class       regIOobject;
    location    "constant/polyMesh";
    object      faceZones;
}
// * * * * * * * * * * * * * * * * * * * * * * * * * * * * * * * * * * * * * //

2
(
inside_to_hubinside_to_hub_copyCutFaceZone
{
    type faceZone;
faceLabels      List<label> 
486
(
18146
18150
18154
18158
18162
18166
18170
18174
18178
18182
18186
18190
18194
18197
18621
18624
18627
18630
18633
18636
18639
18642
18645
18648
18651
18654
18657
18659
19125
19128
19131
19134
19137
19140
19143
19146
19149
19152
19155
19158
19161
19163
19629
19632
19635
19638
19641
19644
19647
19650
19653
19656
19659
19662
19665
19667
20133
20136
20139
20142
20145
20148
20151
20154
20157
20160
20163
20166
20169
20171
20637
20640
20643
20646
20649
20652
20655
20658
20661
20664
20667
20670
20673
20675
124898
124902
124906
124910
124914
124918
124922
124926
124929
125203
125206
125209
125212
125215
125218
125221
125224
125226
125527
125530
125533
125536
125539
125542
125545
125548
125550
125851
125854
125857
125860
125863
125866
125869
125872
125874
126175
126178
126181
126184
126187
126190
126193
126196
126198
126499
126502
126505
126508
126511
126514
126517
126520
126522
232058
232062
232066
232070
232074
232078
232082
232086
232090
232094
232098
232102
232106
232110
232114
232118
232122
232126
232130
232134
232138
232142
232146
232150
232154
232158
232162
232166
232170
232174
232178
232182
232186
232190
232194
232198
232202
232206
232210
232214
232218
232222
232226
232230
232234
232238
232242
232246
232250
232254
232258
232262
232266
232270
232274
232278
232282
232285
234018
234021
234024
234027
234030
234033
234036
234039
234042
234045
234048
234051
234054
234057
234060
234063
234066
234069
234072
234075
234078
234081
234084
234087
234090
234093
234096
234099
234102
234105
234108
234111
234114
234117
234120
234123
234126
234129
234132
234135
234138
234141
234144
234147
234150
234153
234156
234159
234162
234165
234168
234171
234174
234177
234180
234183
234186
234188
236094
236097
236100
236103
236106
236109
236112
236115
236118
236121
236124
236127
236130
236133
236136
236139
236142
236145
236148
236151
236154
236157
236160
236163
236166
236169
236172
236175
236178
236181
236184
236187
236190
236193
236196
236199
236202
236205
236208
236211
236214
236217
236220
236223
236226
236229
236232
236235
236238
236241
236244
236247
236250
236253
236256
236259
236262
236264
238170
238173
238176
238179
238182
238185
238188
238191
238194
238197
238200
238203
238206
238209
238212
238215
238218
238221
238224
238227
238230
238233
238236
238239
238242
238245
238248
238251
238254
238257
238260
238263
238266
238269
238272
238275
238278
238281
238284
238287
238290
238293
238296
238299
238302
238305
238308
238311
238314
238317
238320
238323
238326
238329
238332
238335
238338
238340
240246
240249
240252
240255
240258
240261
240264
240267
240270
240273
240276
240279
240282
240285
240288
240291
240294
240297
240300
240303
240306
240309
240312
240315
240318
240321
240324
240327
240330
240333
240336
240339
240342
240345
240348
240351
240354
240357
240360
240363
240366
240369
240372
240375
240378
240381
240384
240387
240390
240393
240396
240399
240402
240405
240408
240411
240414
240416
242322
242325
242328
242331
242334
242337
242340
242343
242346
242349
242352
242355
242358
242361
242364
242367
242370
242373
242376
242379
242382
242385
242388
242391
242394
242397
242400
242403
242406
242409
242412
242415
242418
242421
242424
242427
242430
242433
242436
242439
242442
242445
242448
242451
242454
242457
242460
242463
242466
242469
242472
242475
242478
242481
242484
242487
242490
242492
)
;
flipMap         List<bool> 
486
(
0
0
0
0
0
0
0
0
0
0
0
0
0
0
1
1
1
1
1
1
1
1
1
1
1
1
1
1
1
1
1
1
1
1
1
1
1
1
1
1
1
1
1
1
1
1
1
1
1
1
1
1
1
1
1
1
1
1
1
1
1
1
1
1
1
1
1
1
1
1
1
1
1
1
1
1
1
1
1
1
1
1
1
1
0
0
0
0
0
0
0
0
0
1
1
1
1
1
1
1
1
1
1
1
1
1
1
1
1
1
1
1
1
1
1
1
1
1
1
1
1
1
1
1
1
1
1
1
1
1
1
1
1
1
1
1
1
1
0
0
0
0
0
0
0
0
0
0
0
0
0
0
0
0
0
0
0
0
0
0
0
0
0
0
0
0
0
0
0
0
0
0
0
0
0
0
0
0
0
0
0
0
0
0
0
0
0
0
0
0
0
0
0
0
0
0
1
1
1
1
1
1
1
1
1
1
1
1
1
1
1
1
1
1
1
1
1
1
1
1
1
1
1
1
1
1
1
1
1
1
1
1
1
1
1
1
1
1
1
1
1
1
1
1
1
1
1
1
1
1
1
1
1
1
1
1
1
1
1
1
1
1
1
1
1
1
1
1
1
1
1
1
1
1
1
1
1
1
1
1
1
1
1
1
1
1
1
1
1
1
1
1
1
1
1
1
1
1
1
1
1
1
1
1
1
1
1
1
1
1
1
1
1
1
1
1
1
1
1
1
1
1
1
1
1
1
1
1
1
1
1
1
1
1
1
1
1
1
1
1
1
1
1
1
1
1
1
1
1
1
1
1
1
1
1
1
1
1
1
1
1
1
1
1
1
1
1
1
1
1
1
1
1
1
1
1
1
1
1
1
1
1
1
1
1
1
1
1
1
1
1
1
1
1
1
1
1
1
1
1
1
1
1
1
1
1
1
1
1
1
1
1
1
1
1
1
1
1
1
1
1
1
1
1
1
1
1
1
1
1
1
1
1
1
1
1
1
1
1
1
1
1
1
1
1
1
1
1
1
1
1
1
1
1
1
1
1
1
1
1
1
1
1
1
1
1
1
1
1
1
1
1
1
1
1
1
1
1
1
1
1
1
1
1
1
1
)
;
}

hub_to_rotorhub_to_rotor_copyCutFaceZone
{
    type faceZone;
faceLabels      List<label> 
1944
(
21171
21176
21181
21186
21191
21196
21201
21206
21211
21216
21221
21226
21231
21235
21521
21525
21529
21533
21537
21541
21545
21549
21553
21557
21561
21565
21569
21572
21787
21791
21795
21799
21803
21807
21811
21815
21819
21823
21827
21831
21835
21838
22052
22055
22058
22061
22064
22067
22070
22073
22076
22079
22082
22085
22088
22090
22514
22518
22522
22526
22530
22534
22538
22542
22546
22550
22554
22558
22562
22565
22780
22783
22786
22789
22792
22795
22798
22801
22804
22807
22810
22813
22816
22818
23032
23035
23038
23041
23044
23047
23050
23053
23056
23059
23062
23065
23068
23070
23213
23215
23217
23219
23221
23223
23225
23227
23229
23231
23233
23235
23237
23238
24530
24534
24538
24542
24546
24550
24554
24558
24562
24566
24570
24574
24578
24581
24796
24799
24802
24805
24808
24811
24814
24817
24820
24823
24826
24829
24832
24834
25048
25051
25054
25057
25060
25063
25066
25069
25072
25075
25078
25081
25084
25086
25229
25231
25233
25235
25237
25239
25241
25243
25245
25247
25249
25251
25253
25254
26546
26550
26554
26558
26562
26566
26570
26574
26578
26582
26586
26590
26594
26597
26812
26815
26818
26821
26824
26827
26830
26833
26836
26839
26842
26845
26848
26850
27064
27067
27070
27073
27076
27079
27082
27085
27088
27091
27094
27097
27100
27102
27245
27247
27249
27251
27253
27255
27257
27259
27261
27263
27265
27267
27269
27270
28562
28566
28570
28574
28578
28582
28586
28590
28594
28598
28602
28606
28610
28613
28828
28831
28834
28837
28840
28843
28846
28849
28852
28855
28858
28861
28864
28866
29080
29083
29086
29089
29092
29095
29098
29101
29104
29107
29110
29113
29116
29118
29261
29263
29265
29267
29269
29271
29273
29275
29277
29279
29281
29283
29285
29286
30578
30582
30586
30590
30594
30598
30602
30606
30610
30614
30618
30622
30626
30629
30844
30847
30850
30853
30856
30859
30862
30865
30868
30871
30874
30877
30880
30882
31096
31099
31102
31105
31108
31111
31114
31117
31120
31123
31126
31129
31132
31134
31277
31279
31281
31283
31285
31287
31289
31291
31293
31295
31297
31299
31301
31302
126843
126848
126853
126858
126863
126868
126873
126878
126882
127068
127072
127076
127080
127084
127088
127092
127096
127099
127239
127243
127247
127251
127255
127259
127263
127267
127270
127409
127412
127415
127418
127421
127424
127427
127430
127432
127706
127710
127714
127718
127722
127726
127730
127734
127737
127877
127880
127883
127886
127889
127892
127895
127898
127900
128039
128042
128045
128048
128051
128054
128057
128060
128062
128155
128157
128159
128161
128163
128165
128167
128169
128170
129002
129006
129010
129014
129018
129022
129026
129030
129033
129173
129176
129179
129182
129185
129188
129191
129194
129196
129335
129338
129341
129344
129347
129350
129353
129356
129358
129451
129453
129455
129457
129459
129461
129463
129465
129466
130298
130302
130306
130310
130314
130318
130322
130326
130329
130469
130472
130475
130478
130481
130484
130487
130490
130492
130631
130634
130637
130640
130643
130646
130649
130652
130654
130747
130749
130751
130753
130755
130757
130759
130761
130762
131594
131598
131602
131606
131610
131614
131618
131622
131625
131765
131768
131771
131774
131777
131780
131783
131786
131788
131927
131930
131933
131936
131939
131942
131945
131948
131950
132043
132045
132047
132049
132051
132053
132055
132057
132058
132890
132894
132898
132902
132906
132910
132914
132918
132921
133061
133064
133067
133070
133073
133076
133079
133082
133084
133223
133226
133229
133232
133235
133238
133241
133244
133246
133339
133341
133343
133345
133347
133349
133351
133353
133354
244515
244520
244525
244530
244535
244540
244545
244550
244555
244560
244565
244570
244575
244580
244585
244590
244595
244600
244605
244610
244615
244620
244625
244630
244635
244640
244645
244650
244655
244660
244665
244670
244675
244680
244685
244690
244695
244700
244705
244710
244715
244720
244725
244730
244735
244740
244745
244750
244755
244760
244765
244770
244775
244780
244785
244790
244795
244799
245959
245963
245967
245971
245975
245979
245983
245987
245991
245995
245999
246003
246007
246011
246015
246019
246023
246027
246031
246035
246039
246043
246047
246051
246055
246059
246063
246067
246071
246075
246079
246083
246087
246091
246095
246099
246103
246107
246111
246115
246119
246123
246127
246131
246135
246139
246143
246147
246151
246155
246159
246163
246167
246171
246175
246179
246183
246186
247055
247059
247063
247067
247071
247075
247079
247083
247087
247091
247095
247099
247103
247107
247111
247115
247119
247123
247127
247131
247135
247139
247143
247147
247151
247155
247159
247163
247167
247171
247175
247179
247183
247187
247191
247195
247199
247203
247207
247211
247215
247219
247223
247227
247231
247235
247239
247243
247247
247251
247255
247259
247263
247267
247271
247275
247279
247282
248150
248153
248156
248159
248162
248165
248168
248171
248174
248177
248180
248183
248186
248189
248192
248195
248198
248201
248204
248207
248210
248213
248216
248219
248222
248225
248228
248231
248234
248237
248240
248243
248246
248249
248252
248255
248258
248261
248264
248267
248270
248273
248276
248279
248282
248285
248288
248291
248294
248297
248300
248303
248306
248309
248312
248315
248318
248320
250053
250057
250061
250065
250069
250073
250077
250081
250085
250089
250093
250097
250101
250105
250109
250113
250117
250121
250125
250129
250133
250137
250141
250145
250149
250153
250157
250161
250165
250169
250173
250177
250181
250185
250189
250193
250197
250201
250205
250209
250213
250217
250221
250225
250229
250233
250237
250241
250245
250249
250253
250257
250261
250265
250269
250273
250277
250280
251149
251152
251155
251158
251161
251164
251167
251170
251173
251176
251179
251182
251185
251188
251191
251194
251197
251200
251203
251206
251209
251212
251215
251218
251221
251224
251227
251230
251233
251236
251239
251242
251245
251248
251251
251254
251257
251260
251263
251266
251269
251272
251275
251278
251281
251284
251287
251290
251293
251296
251299
251302
251305
251308
251311
251314
251317
251319
252187
252190
252193
252196
252199
252202
252205
252208
252211
252214
252217
252220
252223
252226
252229
252232
252235
252238
252241
252244
252247
252250
252253
252256
252259
252262
252265
252268
252271
252274
252277
252280
252283
252286
252289
252292
252295
252298
252301
252304
252307
252310
252313
252316
252319
252322
252325
252328
252331
252334
252337
252340
252343
252346
252349
252352
252355
252357
252934
252936
252938
252940
252942
252944
252946
252948
252950
252952
252954
252956
252958
252960
252962
252964
252966
252968
252970
252972
252974
252976
252978
252980
252982
252984
252986
252988
252990
252992
252994
252996
252998
253000
253002
253004
253006
253008
253010
253012
253014
253016
253018
253020
253022
253024
253026
253028
253030
253032
253034
253036
253038
253040
253042
253044
253046
253047
258357
258361
258365
258369
258373
258377
258381
258385
258389
258393
258397
258401
258405
258409
258413
258417
258421
258425
258429
258433
258437
258441
258445
258449
258453
258457
258461
258465
258469
258473
258477
258481
258485
258489
258493
258497
258501
258505
258509
258513
258517
258521
258525
258529
258533
258537
258541
258545
258549
258553
258557
258561
258565
258569
258573
258577
258581
258584
259453
259456
259459
259462
259465
259468
259471
259474
259477
259480
259483
259486
259489
259492
259495
259498
259501
259504
259507
259510
259513
259516
259519
259522
259525
259528
259531
259534
259537
259540
259543
259546
259549
259552
259555
259558
259561
259564
259567
259570
259573
259576
259579
259582
259585
259588
259591
259594
259597
259600
259603
259606
259609
259612
259615
259618
259621
259623
260491
260494
260497
260500
260503
260506
260509
260512
260515
260518
260521
260524
260527
260530
260533
260536
260539
260542
260545
260548
260551
260554
260557
260560
260563
260566
260569
260572
260575
260578
260581
260584
260587
260590
260593
260596
260599
260602
260605
260608
260611
260614
260617
260620
260623
260626
260629
260632
260635
260638
260641
260644
260647
260650
260653
260656
260659
260661
261238
261240
261242
261244
261246
261248
261250
261252
261254
261256
261258
261260
261262
261264
261266
261268
261270
261272
261274
261276
261278
261280
261282
261284
261286
261288
261290
261292
261294
261296
261298
261300
261302
261304
261306
261308
261310
261312
261314
261316
261318
261320
261322
261324
261326
261328
261330
261332
261334
261336
261338
261340
261342
261344
261346
261348
261350
261351
266661
266665
266669
266673
266677
266681
266685
266689
266693
266697
266701
266705
266709
266713
266717
266721
266725
266729
266733
266737
266741
266745
266749
266753
266757
266761
266765
266769
266773
266777
266781
266785
266789
266793
266797
266801
266805
266809
266813
266817
266821
266825
266829
266833
266837
266841
266845
266849
266853
266857
266861
266865
266869
266873
266877
266881
266885
266888
267757
267760
267763
267766
267769
267772
267775
267778
267781
267784
267787
267790
267793
267796
267799
267802
267805
267808
267811
267814
267817
267820
267823
267826
267829
267832
267835
267838
267841
267844
267847
267850
267853
267856
267859
267862
267865
267868
267871
267874
267877
267880
267883
267886
267889
267892
267895
267898
267901
267904
267907
267910
267913
267916
267919
267922
267925
267927
268795
268798
268801
268804
268807
268810
268813
268816
268819
268822
268825
268828
268831
268834
268837
268840
268843
268846
268849
268852
268855
268858
268861
268864
268867
268870
268873
268876
268879
268882
268885
268888
268891
268894
268897
268900
268903
268906
268909
268912
268915
268918
268921
268924
268927
268930
268933
268936
268939
268942
268945
268948
268951
268954
268957
268960
268963
268965
269542
269544
269546
269548
269550
269552
269554
269556
269558
269560
269562
269564
269566
269568
269570
269572
269574
269576
269578
269580
269582
269584
269586
269588
269590
269592
269594
269596
269598
269600
269602
269604
269606
269608
269610
269612
269614
269616
269618
269620
269622
269624
269626
269628
269630
269632
269634
269636
269638
269640
269642
269644
269646
269648
269650
269652
269654
269655
274965
274969
274973
274977
274981
274985
274989
274993
274997
275001
275005
275009
275013
275017
275021
275025
275029
275033
275037
275041
275045
275049
275053
275057
275061
275065
275069
275073
275077
275081
275085
275089
275093
275097
275101
275105
275109
275113
275117
275121
275125
275129
275133
275137
275141
275145
275149
275153
275157
275161
275165
275169
275173
275177
275181
275185
275189
275192
276061
276064
276067
276070
276073
276076
276079
276082
276085
276088
276091
276094
276097
276100
276103
276106
276109
276112
276115
276118
276121
276124
276127
276130
276133
276136
276139
276142
276145
276148
276151
276154
276157
276160
276163
276166
276169
276172
276175
276178
276181
276184
276187
276190
276193
276196
276199
276202
276205
276208
276211
276214
276217
276220
276223
276226
276229
276231
277099
277102
277105
277108
277111
277114
277117
277120
277123
277126
277129
277132
277135
277138
277141
277144
277147
277150
277153
277156
277159
277162
277165
277168
277171
277174
277177
277180
277183
277186
277189
277192
277195
277198
277201
277204
277207
277210
277213
277216
277219
277222
277225
277228
277231
277234
277237
277240
277243
277246
277249
277252
277255
277258
277261
277264
277267
277269
277846
277848
277850
277852
277854
277856
277858
277860
277862
277864
277866
277868
277870
277872
277874
277876
277878
277880
277882
277884
277886
277888
277890
277892
277894
277896
277898
277900
277902
277904
277906
277908
277910
277912
277914
277916
277918
277920
277922
277924
277926
277928
277930
277932
277934
277936
277938
277940
277942
277944
277946
277948
277950
277952
277954
277956
277958
277959
283269
283273
283277
283281
283285
283289
283293
283297
283301
283305
283309
283313
283317
283321
283325
283329
283333
283337
283341
283345
283349
283353
283357
283361
283365
283369
283373
283377
283381
283385
283389
283393
283397
283401
283405
283409
283413
283417
283421
283425
283429
283433
283437
283441
283445
283449
283453
283457
283461
283465
283469
283473
283477
283481
283485
283489
283493
283496
284365
284368
284371
284374
284377
284380
284383
284386
284389
284392
284395
284398
284401
284404
284407
284410
284413
284416
284419
284422
284425
284428
284431
284434
284437
284440
284443
284446
284449
284452
284455
284458
284461
284464
284467
284470
284473
284476
284479
284482
284485
284488
284491
284494
284497
284500
284503
284506
284509
284512
284515
284518
284521
284524
284527
284530
284533
284535
285403
285406
285409
285412
285415
285418
285421
285424
285427
285430
285433
285436
285439
285442
285445
285448
285451
285454
285457
285460
285463
285466
285469
285472
285475
285478
285481
285484
285487
285490
285493
285496
285499
285502
285505
285508
285511
285514
285517
285520
285523
285526
285529
285532
285535
285538
285541
285544
285547
285550
285553
285556
285559
285562
285565
285568
285571
285573
286150
286152
286154
286156
286158
286160
286162
286164
286166
286168
286170
286172
286174
286176
286178
286180
286182
286184
286186
286188
286190
286192
286194
286196
286198
286200
286202
286204
286206
286208
286210
286212
286214
286216
286218
286220
286222
286224
286226
286228
286230
286232
286234
286236
286238
286240
286242
286244
286246
286248
286250
286252
286254
286256
286258
286260
286262
286263
)
;
flipMap         List<bool> 
1944
(
0
0
0
0
0
0
0
0
0
0
0
0
0
0
0
0
0
0
0
0
0
0
0
0
0
0
0
0
0
0
0
0
0
0
0
0
0
0
0
0
0
0
0
0
0
0
0
0
0
0
0
0
0
0
0
0
1
1
1
1
1
1
1
1
1
1
1
1
1
1
1
1
1
1
1
1
1
1
1
1
1
1
1
1
1
1
1
1
1
1
1
1
1
1
1
1
1
1
1
1
1
1
1
1
1
1
1
1
1
1
1
1
1
1
1
1
1
1
1
1
1
1
1
1
1
1
1
1
1
1
1
1
1
1
1
1
1
1
1
1
1
1
1
1
1
1
1
1
1
1
1
1
1
1
1
1
1
1
1
1
1
1
1
1
1
1
1
1
1
1
1
1
1
1
1
1
1
1
1
1
1
1
1
1
1
1
1
1
1
1
1
1
1
1
1
1
1
1
1
1
1
1
1
1
1
1
1
1
1
1
1
1
1
1
1
1
1
1
1
1
1
1
1
1
1
1
1
1
1
1
1
1
1
1
1
1
1
1
1
1
1
1
1
1
1
1
1
1
1
1
1
1
1
1
1
1
1
1
1
1
1
1
1
1
1
1
1
1
1
1
1
1
1
1
1
1
1
1
1
1
1
1
1
1
1
1
1
1
1
1
1
1
1
1
1
1
1
1
1
1
1
1
1
1
1
1
1
1
1
1
1
1
1
1
1
1
1
1
1
1
1
1
1
1
1
1
1
1
1
1
1
1
1
1
1
1
0
0
0
0
0
0
0
0
0
0
0
0
0
0
0
0
0
0
0
0
0
0
0
0
0
0
0
0
0
0
0
0
0
0
0
0
1
1
1
1
1
1
1
1
1
1
1
1
1
1
1
1
1
1
1
1
1
1
1
1
1
1
1
1
1
1
1
1
1
1
1
1
1
1
1
1
1
1
1
1
1
1
1
1
1
1
1
1
1
1
1
1
1
1
1
1
1
1
1
1
1
1
1
1
1
1
1
1
1
1
1
1
1
1
1
1
1
1
1
1
1
1
1
1
1
1
1
1
1
1
1
1
1
1
1
1
1
1
1
1
1
1
1
1
1
1
1
1
1
1
1
1
1
1
1
1
1
1
1
1
1
1
1
1
1
1
1
1
1
1
1
1
1
1
1
1
1
1
1
1
1
1
1
1
1
1
1
1
1
1
1
1
1
1
1
1
1
1
1
1
1
1
1
1
1
1
1
1
1
1
1
1
1
1
1
1
0
0
0
0
0
0
0
0
0
0
0
0
0
0
0
0
0
0
0
0
0
0
0
0
0
0
0
0
0
0
0
0
0
0
0
0
0
0
0
0
0
0
0
0
0
0
0
0
0
0
0
0
0
0
0
0
0
0
0
0
0
0
0
0
0
0
0
0
0
0
0
0
0
0
0
0
0
0
0
0
0
0
0
0
0
0
0
0
0
0
0
0
0
0
0
0
0
0
0
0
0
0
0
0
0
0
0
0
0
0
0
0
0
0
0
0
0
0
0
0
0
0
0
0
0
0
0
0
0
0
0
0
0
0
0
0
0
0
0
0
0
0
0
0
0
0
0
0
0
0
0
0
0
0
0
0
0
0
0
0
0
0
0
0
0
0
0
0
0
0
0
0
0
0
0
0
0
0
0
0
0
0
0
0
0
0
0
0
0
0
0
0
0
0
0
0
0
0
0
0
0
0
0
0
0
0
0
0
0
0
0
0
0
0
0
0
0
0
0
0
0
0
0
0
0
0
0
0
0
0
0
0
1
1
1
1
1
1
1
1
1
1
1
1
1
1
1
1
1
1
1
1
1
1
1
1
1
1
1
1
1
1
1
1
1
1
1
1
1
1
1
1
1
1
1
1
1
1
1
1
1
1
1
1
1
1
1
1
1
1
1
1
1
1
1
1
1
1
1
1
1
1
1
1
1
1
1
1
1
1
1
1
1
1
1
1
1
1
1
1
1
1
1
1
1
1
1
1
1
1
1
1
1
1
1
1
1
1
1
1
1
1
1
1
1
1
1
1
1
1
1
1
1
1
1
1
1
1
1
1
1
1
1
1
1
1
1
1
1
1
1
1
1
1
1
1
1
1
1
1
1
1
1
1
1
1
1
1
1
1
1
1
1
1
1
1
1
1
1
1
1
1
1
1
1
1
1
1
1
1
1
1
1
1
1
1
1
1
1
1
1
1
1
1
1
1
1
1
1
1
1
1
1
1
1
1
1
1
1
1
1
1
1
1
1
1
1
1
1
1
1
1
1
1
1
1
1
1
1
1
1
1
1
1
1
1
1
1
1
1
1
1
1
1
1
1
1
1
1
1
1
1
1
1
1
1
1
1
1
1
1
1
1
1
1
1
1
1
1
1
1
1
1
1
1
1
1
1
1
1
1
1
1
1
1
1
1
1
1
1
1
1
1
1
1
1
1
1
1
1
1
1
1
1
1
1
1
1
1
1
1
1
1
1
1
1
1
1
1
1
1
1
1
1
1
1
1
1
1
1
1
1
1
1
1
1
1
1
1
1
1
1
1
1
1
1
1
1
1
1
1
1
1
1
1
1
1
1
1
1
1
1
1
1
1
1
1
1
1
1
1
1
1
1
1
1
1
1
1
1
1
1
1
1
1
1
1
1
1
1
1
1
1
1
1
1
1
1
1
1
1
1
1
1
1
1
1
1
1
1
1
1
1
1
1
1
1
1
1
1
1
1
1
1
1
1
1
1
1
1
1
1
1
1
1
1
1
1
1
1
1
1
1
1
1
1
1
1
1
1
1
1
1
1
1
1
1
1
1
1
1
1
1
1
1
1
1
1
1
1
1
1
1
1
1
1
1
1
1
1
1
1
1
1
1
1
1
1
1
1
1
1
1
1
1
1
1
1
1
1
1
1
1
1
1
1
1
1
1
1
1
1
1
1
1
1
1
1
1
1
1
1
1
1
1
1
1
1
1
1
1
1
1
1
1
1
1
1
1
1
1
1
1
1
1
1
1
1
1
1
1
1
1
1
1
1
1
1
1
1
1
1
1
1
1
1
1
1
1
1
1
1
1
1
1
1
1
1
1
1
1
1
1
1
1
1
1
1
1
1
1
1
1
1
1
1
1
1
1
1
1
1
1
1
1
1
1
1
1
1
1
1
1
1
1
1
1
1
1
1
1
1
1
1
1
1
1
1
1
1
1
1
1
1
1
1
1
1
1
1
1
1
1
1
1
1
1
1
1
1
1
1
1
1
1
1
1
1
1
1
1
1
1
1
1
1
1
1
1
1
1
1
1
1
1
1
1
1
1
1
1
1
1
1
1
1
1
1
1
1
1
1
1
1
1
1
1
1
1
1
1
1
1
1
1
1
1
1
1
1
1
1
1
1
1
1
1
1
1
1
1
1
1
1
1
1
1
1
1
1
1
1
1
1
1
1
1
1
1
1
1
1
1
1
1
1
1
1
1
1
1
1
1
1
1
1
1
1
1
1
1
1
1
1
1
1
1
1
1
1
1
1
1
1
1
1
1
1
1
1
1
1
1
1
1
1
1
1
1
1
1
1
1
1
1
1
1
1
1
1
1
1
1
1
1
1
1
1
1
1
1
1
1
1
1
1
1
1
1
1
1
1
1
1
1
1
1
1
1
1
1
1
1
1
1
1
1
1
1
1
1
1
1
1
1
1
1
1
1
1
1
1
1
1
1
1
1
1
1
1
1
1
1
1
1
1
1
1
1
1
1
1
1
1
1
1
1
1
1
1
1
1
1
1
1
1
1
1
1
1
1
1
1
1
1
1
1
1
1
1
1
1
1
1
1
1
1
1
1
1
1
1
1
1
1
1
1
1
1
1
1
1
1
1
1
1
1
1
1
1
1
1
1
1
1
1
1
1
1
1
1
1
1
1
1
1
1
1
1
1
1
1
1
1
1
1
1
1
1
1
1
1
1
1
1
1
1
1
1
1
1
1
1
1
1
1
1
1
1
1
1
1
1
1
1
1
1
1
1
1
1
1
1
1
1
1
1
1
1
1
1
1
1
1
1
1
1
1
1
1
1
1
1
1
1
1
1
1
1
1
1
1
1
1
1
1
1
1
1
1
1
1
1
1
1
1
1
1
1
1
1
1
1
1
1
1
1
1
1
1
1
1
1
1
1
1
1
1
1
1
1
1
1
1
1
1
1
1
1
1
1
1
1
1
1
1
1
1
1
1
1
1
1
1
1
1
1
1
1
1
1
1
1
1
1
1
1
1
1
1
1
1
1
1
1
1
1
1
1
1
1
1
1
1
1
1
1
1
1
1
1
1
1
1
1
1
1
1
1
1
1
1
1
1
1
1
1
1
1
1
1
1
1
1
1
1
1
1
1
1
1
1
1
1
1
1
1
1
1
1
1
1
)
;
}
)

// ************************************************************************* //
