1.000000e+00	1.488875e-01	9.999993e-01	3.534374e+00	0.000000e+00	0.000000e+00	0.000000e+00
2.000000e+00	1.488875e-01	1.000000e+00	-1.213798e+00	0.000000e+00	0.000000e+00	0.000000e+00
3.000000e+00	1.488875e-01	1.000000e+00	-7.331899e+00	1.289301e-35	2.384969e-36	3.223405e-36
4.000000e+00	1.488875e-01	1.000000e+00	-1.043888e+01	1.846617e-25	8.288376e-26	5.385938e-26
5.000000e+00	1.488875e-01	1.000000e+00	7.433647e+00	1.685951e-20	1.221548e-20	5.370289e-21
6.000000e+00	1.488875e-01	1.000000e+00	-2.156356e+01	-1.486877e-07	-5.445517e-08	-3.586762e-08
7.000000e+00	1.488875e-01	1.000000e+00	-1.440386e+01	-3.940685e-07	-1.178239e-07	-9.126781e-08
8.000000e+00	1.488875e-01	1.000000e+00	-1.452441e+01	-5.144721e-07	-1.278585e-07	-1.144770e-07
9.000000e+00	1.488875e-01	9.999997e-01	-5.019428e-01	1.078925e-06	2.138752e-07	2.334831e-07
1.000000e+01	1.488875e-01	9.999996e-01	-5.315617e+00	4.800142e-07	7.898019e-08	1.035971e-07
1.100000e+01	1.488875e-01	9.999994e-01	-2.517021e+00	7.774373e-06	1.116811e-06	1.648453e-06
1.200000e+01	1.488875e-01	9.999995e-01	-2.106698e+00	1.234115e-05	1.571045e-06	2.562957e-06
1.300000e+01	1.488875e-01	9.999996e-01	2.069337e+00	3.319313e-05	3.739061e-06	6.834300e-06
1.400000e+01	1.488875e-01	9.999996e-01	-1.756949e-01	2.273149e-05	2.268040e-06	4.660817e-06
1.500000e+01	1.488875e-01	9.999996e-01	-1.452510e+00	2.685938e-05	2.364708e-06	5.548629e-06
1.600000e+01	1.488875e-01	9.999996e-01	1.242743e+00	2.113157e-05	1.664384e-06	4.359470e-06
1.700000e+01	1.488875e-01	9.999997e-01	4.480208e+00	7.654923e-05	5.515400e-06	1.557439e-05
1.800000e+01	1.488875e-01	1.000000e+00	5.140240e+00	4.757456e-05	3.197402e-06	9.504514e-06
1.900000e+01	1.488875e-01	1.000000e+00	5.174747e+00	5.339953e-05	3.390879e-06	1.057450e-05
2.000000e+01	1.488875e-01	1.000000e+00	4.957621e+00	5.619137e-05	3.386998e-06	1.108549e-05
2.100000e+01	1.488875e-01	1.000000e+00	5.836974e+00	7.036636e-05	4.033722e-06	1.386197e-05
2.200000e+01	1.488875e-01	1.000000e+00	4.083162e+00	5.484223e-05	2.986229e-06	1.079660e-05
2.300000e+01	1.488875e-01	1.000000e+00	8.692333e+00	1.212384e-04	6.333996e-06	2.386960e-05
2.400000e+01	1.488875e-01	1.000000e+00	1.643978e+00	5.667764e-05	2.855751e-06	1.115736e-05
2.500000e+01	1.488875e-01	1.000000e+00	-6.993280e-01	3.126815e-05	1.516478e-06	6.156015e-06
2.600000e+01	1.488875e-01	9.999990e-01	-1.072303e+01	2.268339e-05	1.031707e-06	4.720446e-06
2.700000e+01	1.488875e-01	9.999966e-01	-8.925392e-01	1.674656e-05	7.597078e-07	3.555668e-06
2.800000e+01	1.488875e-01	9.999974e-01	1.176336e+00	1.086309e-04	5.012203e-06	2.248929e-05
2.900000e+01	1.488875e-01	9.999989e-01	9.806494e-01	2.995374e-05	1.412621e-06	5.990227e-06
3.000000e+01	1.488875e-01	9.999998e-01	3.902222e+00	8.781220e-05	4.243828e-06	1.726780e-05
3.100000e+01	1.488875e-01	1.000000e+00	4.839184e+00	1.130323e-04	5.617822e-06	2.206938e-05
3.200000e+01	1.488875e-01	1.000000e+00	6.434471e+00	1.546676e-04	7.943806e-06	3.010496e-05
3.300000e+01	1.488875e-01	1.000000e+00	6.028040e+00	1.496053e-04	7.992487e-06	2.907909e-05
3.400000e+01	1.488875e-01	1.000000e+00	5.174968e+00	1.342561e-04	7.529809e-06	2.607910e-05
3.500000e+01	1.488875e-01	1.000000e+00	2.120723e+00	6.823852e-05	4.032917e-06	1.325354e-05
3.600000e+01	1.488875e-01	1.000000e+00	-5.696006e+00	8.214379e-06	5.090807e-07	1.595630e-06
3.700000e+01	1.488875e-01	1.000000e+00	-3.745540e+00	1.163141e-05	7.810931e-07	2.260456e-06
3.800000e+01	1.488875e-01	1.000000e+00	1.337566e+00	2.920234e-05	2.301832e-06	5.888089e-06
3.900000e+01	1.488875e-01	9.999998e-01	5.324161e-01	2.121397e-05	1.870611e-06	4.478384e-06
4.000000e+01	1.488875e-01	9.999998e-01	4.584300e+00	9.420106e-05	8.883952e-06	1.951059e-05
4.100000e+01	1.488875e-01	9.999999e-01	3.205487e+00	3.356200e-04	3.356135e-05	6.780743e-05
4.200000e+01	1.488875e-01	9.999999e-01	2.495566e+00	2.172565e-04	2.308727e-05	4.303040e-05
4.300000e+01	1.488875e-01	1.000000e+00	-5.861603e-01	1.427174e-04	1.622075e-05	2.795098e-05
4.400000e+01	1.488875e-01	9.999999e-01	2.300540e+00	2.049170e-04	2.519689e-05	4.060983e-05
4.500000e+01	1.488875e-01	9.999999e-01	-2.227861e+00	6.222402e-05	8.303348e-06	1.262172e-05
4.600000e+01	1.488875e-01	9.999998e-01	4.548979e-01	1.531726e-04	2.190355e-05	3.113142e-05
4.700000e+01	1.488875e-01	9.999999e-01	-1.198297e+00	2.054266e-04	3.119533e-05	4.108827e-05
4.800000e+01	1.488875e-01	9.999999e-01	4.735195e-01	2.783699e-04	4.485994e-05	5.489048e-05
4.900000e+01	1.488875e-01	1.000000e+00	6.468267e+00	2.928623e-04	5.002278e-05	5.725132e-05
5.000000e+01	1.488875e-01	1.000000e+00	-1.180112e+00	1.656498e-04	2.995211e-05	3.227941e-05
5.100000e+01	1.488875e-01	1.000000e+00	4.241422e-01	1.863910e-04	3.564633e-05	3.630119e-05
5.200000e+01	1.488875e-01	1.000000e+00	2.814347e+00	2.761317e-04	5.577485e-05	5.380454e-05
5.300000e+01	1.488875e-01	1.000000e+00	6.441313e+00	3.467643e-04	7.383824e-05	6.762441e-05
5.400000e+01	1.488875e-01	1.000000e+00	5.935054e+00	3.506777e-04	7.860254e-05	6.845610e-05
5.500000e+01	1.488875e-01	1.000000e+00	3.063330e+00	2.986721e-04	7.035009e-05	5.836713e-05
5.600000e+01	1.488875e-01	1.000000e+00	1.407987e+00	2.911817e-04	7.197018e-05	5.696809e-05
5.700000e+01	1.488875e-01	1.000000e+00	1.578879e+00	2.942897e-04	7.620526e-05	5.764427e-05
5.800000e+01	1.488875e-01	1.000000e+00	4.708439e+00	2.754499e-04	7.457802e-05	5.401699e-05
5.900000e+01	1.488875e-01	1.000000e+00	2.681257e+00	2.975429e-04	8.412428e-05	5.841682e-05
6.000000e+01	1.488875e-01	1.000000e+00	4.494960e+00	2.939842e-04	8.672085e-05	5.778634e-05
6.100000e+01	1.488875e-01	1.000000e+00	1.025153e+00	3.017082e-04	9.276714e-05	5.937796e-05
6.200000e+01	1.488875e-01	1.000000e+00	2.626015e+00	3.272202e-04	1.046952e-04	6.448174e-05
6.300000e+01	1.488875e-01	1.000000e+00	2.016869e+00	3.564287e-04	1.185053e-04	7.032599e-05
6.400000e+01	1.488875e-01	1.000000e+00	2.259683e+00	3.095806e-04	1.067960e-04	6.116082e-05
6.500000e+01	1.488875e-01	1.000000e+00	3.949904e+00	1.521924e-04	5.439288e-05	3.010126e-05
6.600000e+01	1.488875e-01	1.000000e+00	3.958801e+00	1.414090e-04	5.200905e-05	2.798933e-05
6.700000e+01	1.488875e-01	1.000000e+00	2.437696e+00	9.412761e-05	3.550040e-05	1.864481e-05
6.800000e+01	1.488875e-01	1.000000e+00	4.663095e+00	1.668014e-04	6.445450e-05	3.306881e-05
6.900000e+01	1.488875e-01	1.000000e+00	3.782882e+00	1.385622e-04	5.482960e-05	2.749660e-05
7.000000e+01	1.488875e-01	1.000000e+00	4.373198e+00	1.577134e-04	6.411781e-05	3.133419e-05
7.100000e+01	1.488875e-01	1.000000e+00	3.575344e+00	1.328243e-04	5.524997e-05	2.641635e-05
7.200000e+01	1.488875e-01	1.000000e+00	1.489137e+00	7.927923e-05	3.373717e-05	1.578380e-05
7.300000e+01	1.488875e-01	1.000000e+00	8.018839e+00	2.120073e-04	9.468899e-05	4.236263e-05
7.400000e+01	1.488875e-01	9.999979e-01	-4.298063e+00	9.498908e-06	4.581308e-06	2.106580e-06
7.500000e+01	1.488875e-01	9.999968e-01	1.082201e+00	3.383011e-05	1.677130e-05	7.439302e-06
7.600000e+01	1.488875e-01	9.999982e-01	3.338826e+00	9.801709e-05	4.973020e-05	2.079917e-05
7.700000e+01	1.488875e-01	9.999995e-01	6.328880e+00	2.063966e-04	1.067176e-04	4.268798e-05
7.800000e+01	1.488875e-01	1.000000e+00	6.459082e+00	2.186916e-04	1.151311e-04	4.471233e-05
7.900000e+01	1.488875e-01	1.000000e+00	8.981652e+00	3.102631e-04	1.663271e-04	6.309249e-05
8.000000e+01	1.488875e-01	1.000000e+00	4.138466e+00	1.465456e-04	7.993492e-05	2.972685e-05
8.100000e+01	1.488875e-01	1.000000e+00	5.385350e+00	1.874184e-04	1.042422e-04	3.797294e-05
8.200000e+01	1.488875e-01	1.000000e+00	5.374860e+00	1.877136e-04	1.062351e-04	3.802228e-05
8.300000e+01	1.488875e-01	1.000000e+00	-1.066944e+01	1.570188e-05	9.062988e-06	3.181273e-06
8.400000e+01	1.488875e-01	9.999978e-01	4.378085e+00	3.315689e-05	2.038377e-05	7.298602e-06
8.500000e+01	1.488875e-01	9.999912e-01	-1.840474e-01	1.742467e-05	1.103028e-05	3.951940e-06
8.600000e+01	1.488875e-01	9.999945e-01	1.241938e+01	3.395063e-04	2.189320e-04	7.378751e-05
8.700000e+01	1.488875e-01	9.999984e-01	1.617883e+00	6.076612e-05	3.980382e-05	1.279773e-05
8.800000e+01	1.488875e-01	9.999996e-01	4.703495e+00	1.569513e-04	1.043500e-04	3.260005e-05
8.900000e+01	1.488875e-01	1.000000e+00	6.508284e+00	2.196170e-04	1.481708e-04	4.532804e-05
9.000000e+01	1.488875e-01	1.000000e+00	6.839279e+00	2.341867e-04	1.602898e-04	4.818993e-05
9.100000e+01	1.488875e-01	1.000000e+00	4.341759e+00	1.521618e-04	1.058469e-04	3.126468e-05
9.200000e+01	1.488875e-01	1.000000e+00	4.621092e+00	1.630366e-04	1.150276e-04	3.348475e-05
9.300000e+01	1.488875e-01	1.000000e+00	2.895973e+00	1.134256e-04	8.072268e-05	2.329422e-05
9.400000e+01	1.488875e-01	1.000000e+00	2.368070e+00	9.905080e-05	7.181789e-05	2.034804e-05
9.500000e+01	1.488875e-01	1.000000e+00	2.652438e+00	1.067249e-04	7.838998e-05	2.193480e-05
9.600000e+01	1.488875e-01	1.000000e+00	1.954751e+00	9.023229e-05	6.724866e-05	1.855871e-05
9.700000e+01	1.488875e-01	1.000000e+00	1.768746e+00	8.670528e-05	6.567421e-05	1.785046e-05
9.800000e+01	1.488875e-01	1.000000e+00	1.615325e+00	8.393067e-05	6.458319e-05	1.729715e-05
9.900000e+01	1.488875e-01	1.000000e+00	1.484418e+00	8.028462e-05	6.272144e-05	1.656323e-05
1.000000e+02	1.488875e-01	1.000000e+00	8.147457e-01	7.123486e-05	5.645789e-05	1.471152e-05
1.010000e+02	1.488875e-01	1.000000e+00	7.637593e-01	7.067529e-05	5.688887e-05	1.461273e-05
1.020000e+02	1.488875e-01	1.000000e+00	4.260612e-01	6.311876e-05	5.163368e-05	1.306631e-05
1.030000e+02	1.488875e-01	1.000000e+00	3.569396e-01	6.083430e-05	5.057816e-05	1.260913e-05
1.040000e+02	1.488875e-01	1.000000e+00	3.931295e-01	6.056219e-05	5.116881e-05	1.256854e-05
1.050000e+02	1.488875e-01	1.000000e+00	2.875613e-01	5.904228e-05	5.068691e-05	1.226864e-05
1.060000e+02	1.488875e-01	1.000000e+00	2.187040e-01	5.767797e-05	5.030788e-05	1.200048e-05
1.070000e+02	1.488875e-01	1.000000e+00	4.118624e-01	6.086390e-05	5.392904e-05	1.267966e-05
1.080000e+02	1.488875e-01	1.000000e+00	5.313542e-01	6.283155e-05	5.655222e-05	1.310662e-05
1.090000e+02	1.488875e-01	1.000000e+00	4.783930e-01	6.207146e-05	5.674467e-05	1.296506e-05
1.100000e+02	1.488875e-01	1.000000e+00	9.781198e-02	5.511458e-05	5.117057e-05	1.152720e-05
1.110000e+02	1.488875e-01	1.000000e+00	5.573255e-02	5.454091e-05	5.142466e-05	1.142252e-05
1.120000e+02	1.488875e-01	1.000000e+00	7.319452e-02	5.487697e-05	5.253632e-05	1.150838e-05
1.130000e+02	1.488875e-01	1.000000e+00	1.356372e-01	5.643424e-05	5.485080e-05	1.185104e-05
1.140000e+02	1.488875e-01	1.000000e+00	-3.297455e-02	5.466503e-05	5.393208e-05	1.149517e-05
1.150000e+02	1.488875e-01	1.000000e+00	2.338025e-02	5.430907e-05	5.437868e-05	1.143594e-05
1.160000e+02	1.488875e-01	1.000000e+00	1.061474e-03	5.414100e-05	5.500812e-05	1.141620e-05
1.170000e+02	1.488875e-01	1.000000e+00	1.941267e-01	5.713983e-05	5.889910e-05	1.206511e-05
1.180000e+02	1.488875e-01	1.000000e+00	2.996317e-01	5.914094e-05	6.183121e-05	1.250474e-05
1.190000e+02	1.488875e-01	1.000000e+00	-1.730764e-03	5.386117e-05	5.710490e-05	1.140400e-05
1.200000e+02	1.488875e-01	1.000000e+00	1.262454e-01	5.628295e-05	6.050959e-05	1.193325e-05
1.210000e+02	1.488875e-01	1.000000e+00	1.376848e-02	5.463609e-05	5.955654e-05	1.160020e-05
1.220000e+02	1.488875e-01	1.000000e+00	2.210549e-02	5.488828e-05	6.065489e-05	1.167001e-05
1.230000e+02	1.488875e-01	1.000000e+00	1.332453e-01	5.630622e-05	6.306763e-05	1.198820e-05
1.240000e+02	1.488875e-01	1.000000e+00	1.322183e-01	5.629484e-05	6.390207e-05	1.200253e-05
1.250000e+02	1.488875e-01	1.000000e+00	4.012668e-01	6.055835e-05	6.965553e-05	1.292964e-05
1.260000e+02	1.488875e-01	1.000000e+00	3.974329e-01	6.040690e-05	7.039342e-05	1.291535e-05
1.270000e+02	1.488875e-01	1.000000e+00	4.013412e-01	6.045842e-05	7.136714e-05	1.294445e-05
1.280000e+02	1.488875e-01	1.000000e+00	4.307072e-01	6.080987e-05	7.270187e-05	1.303790e-05
1.290000e+02	1.488875e-01	1.000000e+00	4.072208e-01	6.050163e-05	7.324974e-05	1.298995e-05
1.300000e+02	1.488875e-01	1.000000e+00	3.995260e-01	6.029606e-05	7.391562e-05	1.296393e-05
1.310000e+02	1.488875e-01	1.000000e+00	4.050186e-01	6.019170e-05	7.470281e-05	1.295962e-05
1.320000e+02	1.488875e-01	1.000000e+00	4.011866e-01	6.003177e-05	7.541874e-05	1.294330e-05
1.330000e+02	1.488875e-01	1.000000e+00	3.965388e-01	5.985836e-05	7.611401e-05	1.292401e-05
1.340000e+02	1.488875e-01	1.000000e+00	3.878422e-01	5.980488e-05	7.695960e-05	1.293058e-05
1.350000e+02	1.488875e-01	1.000000e+00	3.913366e-01	5.981246e-05	7.788442e-05	1.295037e-05
1.360000e+02	1.488875e-01	1.000000e+00	3.937367e-01	5.956468e-05	7.847466e-05	1.291484e-05
1.370000e+02	1.488875e-01	1.000000e+00	3.767238e-01	5.944604e-05	7.923163e-05	1.290725e-05
1.380000e+02	1.488875e-01	1.000000e+00	1.323086e-01	5.577725e-05	7.520067e-05	1.212772e-05
1.390000e+02	1.488875e-01	1.000000e+00	1.153770e-01	5.579038e-05	7.608029e-05	1.214771e-05
1.400000e+02	1.488875e-01	1.000000e+00	1.191621e-01	5.608422e-05	7.734916e-05	1.222897e-05
1.410000e+02	1.488875e-01	1.000000e+00	5.231879e-01	6.114827e-05	8.528516e-05	1.335212e-05
1.420000e+02	1.488875e-01	1.000000e+00	5.336197e-01	6.178529e-05	8.713048e-05	1.351025e-05
1.430000e+02	1.488875e-01	1.000000e+00	6.053854e-01	6.336294e-05	9.033729e-05	1.387476e-05
1.440000e+02	1.488875e-01	1.000000e+00	5.524774e-01	6.180355e-05	8.907451e-05	1.355239e-05
1.450000e+02	1.488875e-01	1.000000e+00	5.639464e-01	6.211735e-05	9.049530e-05	1.364044e-05
1.460000e+02	1.488875e-01	1.000000e+00	5.487709e-01	6.168663e-05	9.083385e-05	1.356506e-05
1.470000e+02	1.488875e-01	1.000000e+00	5.493827e-01	6.161722e-05	9.170020e-05	1.356904e-05
1.480000e+02	1.488875e-01	1.000000e+00	5.429505e-01	6.076944e-05	9.139651e-05	1.340139e-05
1.490000e+02	1.488875e-01	1.000000e+00	5.550451e-01	6.143814e-05	9.337104e-05	1.356812e-05
1.500000e+02	1.488875e-01	1.000000e+00	5.566611e-01	6.133225e-05	9.418115e-05	1.356404e-05
1.510000e+02	1.488875e-01	1.000000e+00	5.831210e-01	6.190552e-05	9.604400e-05	1.371036e-05
1.520000e+02	1.488875e-01	1.000000e+00	5.620625e-01	6.138161e-05	9.620766e-05	1.361374e-05
1.530000e+02	1.488875e-01	1.000000e+00	5.424775e-01	6.083179e-05	9.631537e-05	1.351107e-05
1.540000e+02	1.488875e-01	1.000000e+00	5.489333e-01	6.074638e-05	9.714965e-05	1.351139e-05
1.550000e+02	1.488875e-01	1.000000e+00	5.113844e-01	5.995800e-05	9.684789e-05	1.335511e-05
1.560000e+02	1.488875e-01	1.000000e+00	5.510209e-01	6.071354e-05	9.904163e-05	1.354276e-05
1.570000e+02	1.488875e-01	1.000000e+00	5.254094e-01	6.015601e-05	9.909850e-05	1.343763e-05
1.580000e+02	1.488875e-01	1.000000e+00	5.372116e-01	6.031649e-05	1.003338e-04	1.349280e-05
1.590000e+02	1.488875e-01	1.000000e+00	5.603048e-01	6.056677e-05	1.017261e-04	1.356821e-05
1.600000e+02	1.488875e-01	1.000000e+00	5.309343e-01	6.003452e-05	1.018004e-04	1.346824e-05
1.610000e+02	1.488875e-01	1.000000e+00	5.450201e-01	6.015976e-05	1.029840e-04	1.351567e-05
1.620000e+02	1.488875e-01	1.000000e+00	5.350439e-01	5.993030e-05	1.035606e-04	1.348341e-05
1.630000e+02	1.488875e-01	1.000000e+00	5.031900e-01	5.938332e-05	1.035782e-04	1.337952e-05
1.640000e+02	1.488875e-01	1.000000e+00	5.652462e-01	6.028459e-05	1.061299e-04	1.360209e-05
1.650000e+02	1.488875e-01	1.000000e+00	4.851038e-01	5.895027e-05	1.047413e-04	1.332014e-05
1.660000e+02	1.488875e-01	1.000000e+00	5.398516e-01	5.978734e-05	1.072051e-04	1.352873e-05
1.670000e+02	1.488875e-01	1.000000e+00	5.566401e-01	6.003307e-05	1.086286e-04	1.360391e-05
1.680000e+02	1.488875e-01	1.000000e+00	5.219063e-01	5.932203e-05	1.083156e-04	1.346217e-05
1.690000e+02	1.488875e-01	1.000000e+00	5.185313e-01	5.921103e-05	1.090873e-04	1.345638e-05
1.700000e+02	1.488875e-01	1.000000e+00	5.203298e-01	5.927551e-05	1.101857e-04	1.349055e-05
1.710000e+02	1.488875e-01	1.000000e+00	5.146028e-01	5.920851e-05	1.110416e-04	1.349482e-05
1.720000e+02	1.488875e-01	1.000000e+00	4.915857e-01	5.860369e-05	1.108791e-04	1.337633e-05
1.730000e+02	1.488875e-01	1.000000e+00	5.917736e-01	6.067821e-05	1.158138e-04	1.386995e-05
1.740000e+02	1.488875e-01	1.000000e+00	5.343438e-01	5.931506e-05	1.142024e-04	1.357808e-05
1.750000e+02	1.488875e-01	1.000000e+00	5.290370e-01	5.919593e-05	1.149637e-04	1.357053e-05
1.760000e+02	1.488875e-01	1.000000e+00	5.486563e-01	5.955877e-05	1.166665e-04	1.367359e-05
1.770000e+02	1.488875e-01	1.000000e+00	4.866684e-01	5.804466e-05	1.146749e-04	1.334538e-05
1.780000e+02	1.488875e-01	1.000000e+00	1.889168e+00	9.199202e-05	1.822220e-04	2.115958e-05
1.790000e+02	1.488875e-01	1.000000e+00	1.727582e+00	8.133670e-05	1.634684e-04	1.875408e-05
1.800000e+02	1.488875e-01	1.000000e+00	-2.218190e-02	4.975322e-05	1.008693e-04	1.148930e-05
1.810000e+02	1.488875e-01	1.000000e+00	-4.806430e+00	2.594628e-06	5.297853e-06	5.999256e-07
1.820000e+02	1.488875e-01	1.000000e+00	-5.414726e+00	2.958551e-05	6.087895e-05	6.850414e-06
1.830000e+02	1.488875e-01	1.000000e+00	-4.966687e+00	2.608131e-06	5.431925e-06	6.052779e-07
1.840000e+02	1.488875e-01	1.000000e+00	-4.248960e+00	5.971507e-06	1.262281e-05	1.389763e-06
1.850000e+02	1.488875e-01	1.000000e+00	-4.265152e+00	8.664256e-06	1.858302e-05	2.021933e-06
1.860000e+02	1.488875e-01	1.000000e+00	-6.124282e+00	3.125757e-05	6.793043e-05	7.311981e-06
1.870000e+02	1.488875e-01	1.000000e+00	-2.728352e+00	7.431388e-05	1.635030e-04	1.742337e-05
1.880000e+02	1.488875e-01	1.000000e+00	-3.634891e+00	8.355834e-05	1.860042e-04	1.963272e-05
1.890000e+02	1.488875e-01	1.000000e+00	-2.236599e+00	9.179355e-05	2.064303e-04	2.160800e-05
1.900000e+02	1.488875e-01	1.000000e+00	-1.090006e+00	1.483695e-04	3.366802e-04	3.498401e-05
1.910000e+02	1.488875e-01	1.000000e+00	-1.316875e+00	4.955158e-05	1.134238e-04	1.170311e-05
1.920000e+02	1.488875e-01	9.999999e-01	-3.735775e+00	2.095154e-04	4.840659e-04	4.956885e-05
1.930000e+02	1.488875e-01	1.000000e+00	-3.073715e+00	2.173999e-04	5.067991e-04	5.153205e-05
1.940000e+02	1.488875e-01	1.000000e+00	-1.833872e+00	2.512838e-04	5.907895e-04	5.967018e-05
1.950000e+02	1.488875e-01	1.000000e+00	-1.412316e+00	2.453759e-04	5.816056e-04	5.836192e-05
1.960000e+02	1.488875e-01	1.000000e+00	2.415982e+00	7.906953e-05	1.888277e-04	1.883180e-05
1.970000e+02	1.488875e-01	1.000000e+00	2.867844e+00	9.294651e-05	2.233776e-04	2.215851e-05
1.980000e+02	1.488875e-01	1.000000e+00	2.461629e+00	8.396902e-05	2.030177e-04	2.003897e-05
1.990000e+02	1.488875e-01	1.000000e+00	2.714171e+00	9.170289e-05	2.230270e-04	2.190962e-05
2.000000e+02	1.488875e-01	1.000000e+00	4.085909e+00	1.313874e-04	3.213560e-04	3.142802e-05
2.010000e+02	1.488875e-01	1.000000e+00	9.707621e-01	6.764031e-05	1.662966e-04	1.619767e-05
2.020000e+02	1.488875e-01	1.000000e+00	2.186900e+00	8.751954e-05	2.163117e-04	2.098284e-05
2.030000e+02	1.488875e-01	1.000000e+00	1.624408e+00	7.406161e-05	1.841087e-04	1.777920e-05
2.040000e+02	1.488875e-01	1.000000e+00	1.451341e+00	7.110353e-05	1.778132e-04	1.709145e-05
2.050000e+02	1.488875e-01	1.000000e+00	1.087941e+00	6.371243e-05	1.602696e-04	1.533424e-05
2.060000e+02	1.488875e-01	1.000000e+00	1.062876e+00	6.639949e-05	1.679709e-04	1.600015e-05
2.070000e+02	1.488875e-01	1.000000e+00	4.693952e-01	8.887442e-05	2.260459e-04	2.144055e-05
2.080000e+02	1.488875e-01	1.000000e+00	-6.302731e-01	9.415887e-05	2.408554e-04	2.274316e-05
2.090000e+02	1.488875e-01	1.000000e+00	-2.044625e+00	1.235401e-04	3.183976e-04	2.988882e-05
2.100000e+02	1.488875e-01	1.000000e+00	-4.590360e+00	6.179707e-05	1.606766e-04	1.498068e-05
2.110000e+02	1.488875e-01	1.000000e+00	-3.383615e+00	5.266489e-05	1.382979e-04	1.279514e-05
2.120000e+02	1.488875e-01	1.000000e+00	-1.336559e+00	1.394086e-04	3.697503e-04	3.394280e-05
2.130000e+02	1.488875e-01	1.000000e+00	-5.246296e+00	1.279565e-04	3.425137e-04	3.121603e-05
2.140000e+02	1.488875e-01	1.000000e+00	-3.824454e+00	1.154243e-04	3.118429e-04	2.821655e-05
2.150000e+02	1.488875e-01	1.000000e+00	-3.802798e+00	7.144022e-05	1.947448e-04	1.749733e-05
2.160000e+02	1.488875e-01	9.999999e-01	-2.326489e+00	1.110463e-04	3.052798e-04	2.724533e-05
2.170000e+02	1.488875e-01	9.999999e-01	-3.669925e+00	2.263895e-04	6.272514e-04	5.572998e-05
2.180000e+02	1.488875e-01	9.999999e-01	-3.455218e+00	2.050938e-04	5.726431e-04	5.062757e-05
2.190000e+02	1.488875e-01	1.000000e+00	-2.384671e+00	1.641066e-04	4.615723e-04	4.055160e-05
2.200000e+02	1.488875e-01	1.000000e+00	-9.624236e-01	2.320280e-04	6.573067e-04	5.736590e-05
2.210000e+02	1.488875e-01	1.000000e+00	4.986225e+00	1.489477e-04	4.248980e-04	3.686452e-05
2.220000e+02	1.488875e-01	1.000000e+00	2.589266e+00	8.280953e-05	2.376751e-04	2.051566e-05
2.230000e+02	1.488875e-01	1.000000e+00	2.471039e+00	8.120381e-05	2.344094e-04	2.013901e-05
2.240000e+02	1.488875e-01	1.000000e+00	3.364606e+00	1.062927e-04	3.084735e-04	2.639071e-05
2.250000e+02	1.488875e-01	1.000000e+00	2.517711e+00	8.486114e-05	2.475223e-04	2.109411e-05
2.260000e+02	1.488875e-01	1.000000e+00	3.899028e+00	1.220370e-04	3.578191e-04	3.037420e-05
2.270000e+02	1.488875e-01	1.000000e+00	1.401013e+00	6.720073e-05	1.979137e-04	1.674449e-05
2.280000e+02	1.488875e-01	1.000000e+00	-1.573676e+00	7.754777e-05	2.293511e-04	1.934349e-05
2.290000e+02	1.488875e-01	9.999839e-01	2.043769e+02	7.657879e-04	2.278716e-03	1.913331e-04
2.300000e+02	1.488875e-01	9.999814e-01	-9.846523e+00	1.373658e-04	4.151566e-04	3.852598e-05
2.310000e+02	1.488875e-01	9.999426e-01	-4.418624e+01	6.732314e-06	2.049016e-05	1.883695e-06
2.320000e+02	1.488875e-01	9.999577e-01	-1.187928e+00	1.653744e-04	5.067922e-04	4.355120e-05
2.330000e+02	1.488875e-01	9.999885e-01	2.080835e+00	6.205678e-05	1.913313e-04	1.595776e-05
2.340000e+02	1.488875e-01	9.999975e-01	2.772170e+00	8.340300e-05	2.586279e-04	2.126942e-05
2.350000e+02	1.488875e-01	9.999995e-01	2.661115e+00	8.295851e-05	2.586385e-04	2.108984e-05
2.360000e+02	1.488875e-01	1.000000e+00	2.618921e+00	8.409276e-05	2.635254e-04	2.135477e-05
2.370000e+02	1.488875e-01	1.000000e+00	1.908754e+00	7.205870e-05	2.268475e-04	1.829655e-05
2.380000e+02	1.488875e-01	1.000000e+00	1.700137e+00	6.703352e-05	2.119859e-04	1.702633e-05
2.390000e+02	1.488875e-01	1.000000e+00	1.905498e+00	7.206910e-05	2.288416e-04	1.831578e-05
2.400000e+02	1.488875e-01	1.000000e+00	2.667724e+00	9.017558e-05	2.876576e-04	2.293621e-05
2.410000e+02	1.488875e-01	1.000000e+00	1.718629e+00	7.073394e-05	2.266185e-04	1.800696e-05
2.420000e+02	1.488875e-01	1.000000e+00	-5.985891e+00	4.874809e-05	1.567300e-04	1.241949e-05
2.430000e+02	1.488875e-01	9.999967e-01	3.380457e+01	4.925847e-04	1.592556e-03	1.256673e-04
2.440000e+02	1.488875e-01	9.999927e-01	9.482051e+00	4.773958e-05	1.567540e-04	1.322307e-05
2.450000e+02	1.488875e-01	9.999947e-01	-3.813802e+01	3.131164e-05	1.035978e-04	8.926285e-06
2.460000e+02	1.488875e-01	9.999887e-01	-3.395207e+01	1.610623e-06	5.362475e-06	4.533171e-07
2.470000e+02	1.488875e-01	9.999830e-01	-1.911440e+00	1.338678e-04	4.484291e-04	3.688128e-05
2.480000e+02	1.488875e-01	9.999838e-01	-2.298815e+00	2.553516e-04	8.609396e-04	6.881019e-05
2.490000e+02	1.488875e-01	9.999879e-01	-2.057229e+00	2.314618e-04	7.856178e-04	6.101974e-05
2.500000e+02	1.488875e-01	9.999892e-01	-6.260830e-01	1.267579e-04	4.330093e-04	3.300333e-05
2.510000e+02	1.488875e-01	9.999939e-01	1.661207e+00	1.511970e-04	5.196435e-04	3.923805e-05
2.520000e+02	1.488875e-01	9.999983e-01	2.679563e+00	7.988486e-05	2.760665e-04	2.073129e-05
2.530000e+02	1.488875e-01	9.999999e-01	2.795538e+00	8.540726e-05	2.966832e-04	2.218219e-05
2.540000e+02	1.488875e-01	1.000000e+00	2.481552e+00	7.842935e-05	2.737884e-04	2.039184e-05
2.550000e+02	1.488875e-01	1.000000e+00	2.586969e+00	8.302637e-05	2.912106e-04	2.161327e-05
2.560000e+02	1.488875e-01	1.000000e+00	2.905297e+00	9.229257e-05	3.250965e-04	2.405369e-05
2.570000e+02	1.488875e-01	1.000000e+00	1.607552e+00	6.528689e-05	2.309231e-04	1.703563e-05
2.580000e+02	1.488875e-01	1.000000e+00	-9.185119e-01	2.336489e-05	8.292867e-05	6.102850e-06
2.590000e+02	1.488875e-01	9.999803e-01	1.753194e+02	1.173408e-03	4.182225e-03	3.068819e-04
2.600000e+02	1.488875e-01	9.999893e-01	1.043014e+00	4.115654e-05	1.485693e-04	1.193602e-05
2.610000e+02	1.488875e-01	9.999789e-01	-3.120904e+01	6.911101e-06	2.510895e-05	2.035509e-06
2.620000e+02	1.488875e-01	9.999825e-01	-1.150875e+01	2.225194e-05	8.132769e-05	6.217193e-06
2.630000e+02	1.488875e-01	9.999848e-01	-1.378888e+00	4.813174e-05	1.770143e-04	1.298579e-05
2.640000e+02	1.488875e-01	9.999907e-01	-1.445222e+00	7.461882e-05	2.760338e-04	1.987176e-05
2.650000e+02	1.488875e-01	9.999928e-01	-8.514159e-01	7.928853e-05	2.950453e-04	2.103367e-05
2.660000e+02	1.488875e-01	9.999945e-01	-1.467654e+00	1.613628e-04	6.038988e-04	4.279742e-05
2.670000e+02	1.488875e-01	9.999964e-01	-1.137762e+00	1.699038e-04	6.395048e-04	4.511635e-05
2.680000e+02	1.488875e-01	9.999977e-01	-6.572349e-01	1.694902e-04	6.415590e-04	4.507441e-05
2.690000e+02	1.488875e-01	9.999986e-01	1.535222e+00	6.111713e-05	2.326519e-04	1.627845e-05
2.700000e+02	1.488875e-01	9.999995e-01	2.877325e+00	8.498387e-05	3.251811e-04	2.266351e-05
2.710000e+02	1.488875e-01	1.000000e+00	2.343239e+00	7.437872e-05	2.858330e-04	1.985396e-05
2.720000e+02	1.488875e-01	1.000000e+00	2.009641e+00	6.868060e-05	2.654848e-04	1.836114e-05
2.730000e+02	1.488875e-01	1.000000e+00	2.541714e+00	8.139069e-05	3.163573e-04	2.179234e-05
2.740000e+02	1.488875e-01	1.000000e+00	1.809996e+00	6.735832e-05	2.630353e-04	1.806039e-05
2.750000e+02	1.488875e-01	1.000000e+00	2.009988e+00	7.218978e-05	2.832397e-04	1.938567e-05
2.760000e+02	1.488875e-01	1.000000e+00	1.237756e+00	5.938407e-05	2.337975e-04	1.596522e-05
2.770000e+02	1.488875e-01	1.000000e+00	-1.243455e+01	5.399948e-06	2.132334e-05	1.453250e-06
2.780000e+02	1.488875e-01	9.999993e-01	1.181260e+01	3.086318e-05	1.231140e-04	8.478075e-06
2.790000e+02	1.488875e-01	9.999965e-01	-4.106144e+00	1.832892e-05	7.375987e-05	5.545586e-06
2.800000e+02	1.488875e-01	9.999944e-01	-6.758980e+00	4.516902e-05	1.827197e-04	1.344813e-05
2.810000e+02	1.488875e-01	9.999962e-01	-5.027461e-01	1.517847e-05	6.172882e-05	4.326461e-06
2.820000e+02	1.488875e-01	9.999989e-01	2.172803e+00	6.281553e-05	2.567298e-04	1.749491e-05
2.830000e+02	1.488875e-01	9.999998e-01	2.252036e+00	6.808383e-05	2.796093e-04	1.879314e-05
2.840000e+02	1.488875e-01	1.000000e+00	2.756017e+00	8.331883e-05	3.437330e-04	2.291325e-05
2.850000e+02	1.488875e-01	1.000000e+00	3.472017e+00	9.918321e-05	4.108619e-04	2.723339e-05
2.860000e+02	1.488875e-01	1.000000e+00	2.845486e+00	8.574579e-05	3.566343e-04	2.352989e-05
2.870000e+02	1.488875e-01	1.000000e+00	1.567315e+00	6.084025e-05	2.539389e-04	1.669582e-05
2.880000e+02	1.488875e-01	1.000000e+00	1.951148e+00	7.069292e-05	2.962114e-04	1.940689e-05
2.890000e+02	1.488875e-01	1.000000e+00	1.440108e+00	6.038412e-05	2.538551e-04	1.658575e-05
2.900000e+02	1.488875e-01	1.000000e+00	-3.699057e+00	1.565141e-05	6.598154e-05	4.301443e-06
2.910000e+02	1.488875e-01	1.000000e+00	-6.618413e+00	3.045605e-05	1.290631e-04	8.381425e-06
2.920000e+02	1.488875e-01	9.999999e-01	-3.565309e-01	4.095841e-06	1.755623e-05	1.208209e-06
2.930000e+02	1.488875e-01	9.999996e-01	-3.159475e+00	8.186040e-06	3.530239e-05	2.484839e-06
2.940000e+02	1.488875e-01	9.999992e-01	-2.731785e+00	4.719708e-05	2.046270e-04	1.413189e-05
2.950000e+02	1.488875e-01	9.999991e-01	-2.179107e+00	2.126727e-04	9.269219e-04	6.295907e-05
2.960000e+02	1.488875e-01	9.999996e-01	3.506842e+00	1.753223e-04	7.680048e-04	5.074178e-05
2.970000e+02	1.488875e-01	9.999999e-01	2.377471e+00	6.695764e-05	2.947503e-04	1.907036e-05
2.980000e+02	1.488875e-01	1.000000e+00	2.091530e+00	6.409555e-05	2.834673e-04	1.812002e-05
2.990000e+02	1.488875e-01	1.000000e+00	2.508137e+00	7.497878e-05	3.330636e-04	2.112001e-05
3.000000e+02	1.488875e-01	1.000000e+00	2.595500e+00	7.862742e-05	3.507352e-04	2.210882e-05
3.010000e+02	1.488875e-01	1.000000e+00	1.188751e+00	5.310329e-05	2.377098e-04	1.492196e-05
3.020000e+02	1.488875e-01	1.000000e+00	2.159748e+00	7.243900e-05	3.254582e-04	2.035201e-05
3.030000e+02	1.488875e-01	1.000000e+00	1.341527e+00	5.792659e-05	2.612153e-04	1.627838e-05
3.040000e+02	1.488875e-01	1.000000e+00	2.540024e+00	8.022152e-05	3.629046e-04	2.255360e-05
3.050000e+02	1.488875e-01	1.000000e+00	-1.216585e+00	9.152847e-05	4.152480e-04	2.574664e-05
3.060000e+02	1.488875e-01	1.000000e+00	-6.932698e+00	2.408600e-06	1.097974e-05	6.783304e-07
3.070000e+02	1.488875e-01	1.000000e+00	-5.332960e+00	8.378672e-06	3.847449e-05	2.364349e-06
3.080000e+02	1.488875e-01	1.000000e+00	-3.091524e+00	1.929732e-05	8.929299e-05	5.457098e-06
3.090000e+02	1.488875e-01	1.000000e+00	-1.526116e+00	3.727915e-05	1.736811e-04	1.056674e-05
3.100000e+02	1.488875e-01	1.000000e+00	-2.334558e+00	9.635754e-05	4.515530e-04	2.736161e-05
3.110000e+02	1.488875e-01	9.999999e-01	-3.249569e+00	1.335041e-04	6.292356e-04	3.823064e-05
3.120000e+02	1.488875e-01	9.999998e-01	-2.884484e+00	1.056547e-04	5.008106e-04	3.069788e-05
3.130000e+02	1.488875e-01	9.999997e-01	-3.081732e+00	5.753573e-05	2.742232e-04	1.684348e-05
3.140000e+02	1.488875e-01	9.999995e-01	1.770451e+00	1.098956e-04	5.267324e-04	3.269111e-05
3.150000e+02	1.488875e-01	9.999995e-01	9.490542e-01	1.045591e-04	5.039524e-04	3.087670e-05
3.160000e+02	1.488875e-01	9.999999e-01	2.221322e+00	6.136233e-05	2.973586e-04	1.784289e-05
3.170000e+02	1.488875e-01	1.000000e+00	2.643109e+00	7.287385e-05	3.549363e-04	2.108551e-05
3.180000e+02	1.488875e-01	1.000000e+00	2.585948e+00	7.395975e-05	3.619515e-04	2.137277e-05
3.190000e+02	1.488875e-01	1.000000e+00	2.751124e+00	8.061746e-05	3.962405e-04	2.329724e-05
3.200000e+02	1.488875e-01	1.000000e+00	2.076662e+00	6.581923e-05	3.247456e-04	1.903061e-05
3.210000e+02	1.488875e-01	1.000000e+00	1.903162e+00	6.435429e-05	3.187362e-04	1.862250e-05
3.220000e+02	1.488875e-01	1.000000e+00	2.859740e+00	8.340289e-05	4.143144e-04	2.415364e-05
3.230000e+02	1.488875e-01	1.000000e+00	2.185609e+00	7.014043e-05	3.495191e-04	2.033156e-05
3.240000e+02	1.488875e-01	1.000000e+00	1.987893e+00	6.830622e-05	3.415692e-04	1.982149e-05
3.250000e+02	1.488875e-01	1.000000e+00	2.190635e+00	7.420482e-05	3.723009e-04	2.155618e-05
3.260000e+02	1.488875e-01	1.000000e+00	-2.699400e+00	2.666485e-05	1.341698e-04	7.753364e-06
3.270000e+02	1.488875e-01	1.000000e+00	-3.230832e+00	9.535409e-06	4.814452e-05	2.775930e-06
3.280000e+02	1.488875e-01	1.000000e+00	-5.102391e+00	8.475474e-06	4.309507e-05	2.473534e-06
3.290000e+02	1.488875e-01	1.000000e+00	-3.114079e+00	9.189058e-06	4.707008e-05	2.688411e-06
3.300000e+02	1.488875e-01	1.000000e+00	-2.239704e+00	1.930592e-05	9.954240e-05	5.660350e-06
3.310000e+02	1.488875e-01	1.000000e+00	-1.575843e+00	1.199106e-04	6.217302e-04	3.522236e-05
3.320000e+02	1.488875e-01	9.999999e-01	-2.867993e+00	2.415890e-04	1.259359e-03	7.113175e-05
3.330000e+02	1.488875e-01	9.999997e-01	-2.515847e+00	1.412350e-04	7.404425e-04	4.225444e-05
3.340000e+02	1.488875e-01	9.999991e-01	3.924652e+00	2.123608e-04	1.119360e-03	6.547734e-05
3.350000e+02	1.488875e-01	9.999992e-01	-2.052902e+00	9.203142e-05	4.876846e-04	2.821993e-05
3.360000e+02	1.488875e-01	9.999997e-01	5.044344e-01	2.411824e-05	1.285008e-04	7.260925e-06
3.370000e+02	1.488875e-01	1.000000e+00	3.832910e+00	9.783567e-05	5.238011e-04	2.927097e-05
3.380000e+02	1.488875e-01	1.000000e+00	3.537930e+00	9.369313e-05	5.039839e-04	2.798715e-05
3.390000e+02	1.488875e-01	1.000000e+00	2.820608e+00	7.832317e-05	4.231500e-04	2.339543e-05
3.400000e+02	1.488875e-01	1.000000e+00	2.494717e+00	7.218678e-05	3.915562e-04	2.157509e-05
3.410000e+02	1.488875e-01	1.000000e+00	3.980891e+00	1.059196e-04	5.766281e-04	3.168418e-05
3.420000e+02	1.488875e-01	1.000000e+00	4.307296e-01	4.088492e-05	2.232630e-04	1.224072e-05
3.430000e+02	1.488875e-01	1.000000e+00	2.051005e+00	6.612638e-05	3.621643e-04	1.981642e-05
3.440000e+02	1.488875e-01	1.000000e+00	2.078756e+00	6.749360e-05	3.708428e-04	2.024806e-05
3.450000e+02	1.488875e-01	1.000000e+00	1.897617e+00	6.587347e-05	3.630603e-04	1.978315e-05
3.460000e+02	1.488875e-01	1.000000e+00	7.962987e-01	6.815123e-05	3.766485e-04	2.048702e-05
3.470000e+02	1.488875e-01	1.000000e+00	-5.154206e+00	1.931573e-05	1.070333e-04	5.812063e-06
3.480000e+02	1.488875e-01	1.000000e+00	-4.011426e+00	1.033666e-05	5.755874e-05	3.116042e-06
3.490000e+02	1.488875e-01	1.000000e+00	-2.529554e+00	3.512913e-05	1.969273e-04	1.061652e-05
3.500000e+02	1.488875e-01	1.000000e+00	-4.246640e+00	1.327100e-05	7.489488e-05	4.020315e-06
3.510000e+02	1.488875e-01	1.000000e+00	-2.568625e+00	4.129869e-05	2.345129e-04	1.253823e-05
3.520000e+02	1.488875e-01	9.999999e-01	-1.437875e+00	1.782677e-04	1.017969e-03	5.423090e-05
3.530000e+02	1.488875e-01	9.999999e-01	-2.148614e+00	9.962607e-05	5.719805e-04	3.037809e-05
3.540000e+02	1.488875e-01	9.999997e-01	-3.639420e+00	1.669372e-04	9.635480e-04	5.126134e-05
3.550000e+02	1.488875e-01	9.999987e-01	2.228339e+01	1.422553e-04	8.254776e-04	4.444940e-05
3.560000e+02	1.488875e-01	9.999993e-01	1.462521e+00	1.509282e-04	8.803170e-04	4.792673e-05
3.570000e+02	1.488875e-01	9.999998e-01	2.898175e+00	7.036996e-05	4.124885e-04	2.205522e-05
3.580000e+02	1.488875e-01	1.000000e+00	3.749503e+00	9.202825e-05	5.421033e-04	2.862623e-05
3.590000e+02	1.488875e-01	1.000000e+00	4.272658e+00	1.064219e-04	6.298127e-04	3.301672e-05
3.600000e+02	1.488875e-01	1.000000e+00	2.948316e+00	7.944550e-05	4.721390e-04	2.462981e-05
3.610000e+02	1.488875e-01	1.000000e+00	2.654183e+00	7.282988e-05	4.344490e-04	2.258099e-05
3.620000e+02	1.488875e-01	1.000000e+00	3.396152e+00	9.010474e-05	5.393712e-04	2.795147e-05
3.630000e+02	1.488875e-01	1.000000e+00	3.339025e+00	9.115100e-05	5.466843e-04	2.828754e-05
3.640000e+02	1.488875e-01	1.000000e+00	1.483619e+00	5.590427e-05	3.369382e-04	1.737255e-05
3.650000e+02	1.488875e-01	1.000000e+00	1.923262e+00	6.394711e-05	3.870676e-04	1.990018e-05
3.660000e+02	1.488875e-01	1.000000e+00	1.609342e+00	5.871672e-05	3.566356e-04	1.829503e-05
3.670000e+02	1.488875e-01	1.000000e+00	2.094242e+00	7.010211e-05	4.268890e-04	2.186381e-05
3.680000e+02	1.488875e-01	1.000000e+00	2.590726e-01	4.774073e-05	2.914124e-04	1.490356e-05
3.690000e+02	1.488875e-01	1.000000e+00	-1.298745e+00	4.512461e-05	2.761533e-04	1.410153e-05
3.700000e+02	1.488875e-01	1.000000e+00	-7.782506e-01	4.307693e-05	2.646439e-04	1.348320e-05
3.710000e+02	1.488875e-01	1.000000e+00	-1.509949e+00	2.881832e-05	1.778831e-04	9.037430e-06
3.720000e+02	1.488875e-01	1.000000e+00	-3.106581e+00	2.652999e-05	1.646033e-04	8.336145e-06
3.730000e+02	1.488875e-01	1.000000e+00	-1.801566e+00	4.508638e-05	2.812034e-04	1.419426e-05
3.740000e+02	1.488875e-01	1.000000e+00	-1.659532e+00	8.714185e-05	5.464305e-04	2.748890e-05
3.750000e+02	1.488875e-01	1.000000e+00	-1.564948e+00	7.704722e-05	4.856240e-04	2.435243e-05
3.760000e+02	1.488875e-01	1.000000e+00	-3.050734e+00	6.818975e-05	4.320383e-04	2.159705e-05
3.770000e+02	1.488875e-01	9.999998e-01	-2.551989e+00	1.002881e-04	6.390215e-04	3.183330e-05
3.780000e+02	1.488875e-01	9.999997e-01	-1.112337e+00	1.276680e-04	8.179917e-04	4.061319e-05
3.790000e+02	1.488875e-01	9.999998e-01	-8.495191e-01	1.580697e-04	1.018035e-03	5.038864e-05
3.800000e+02	1.488875e-01	9.999999e-01	1.351169e+00	1.616994e-04	1.046508e-03	5.164509e-05
3.810000e+02	1.488875e-01	1.000000e+00	2.489168e+00	6.351451e-05	4.129393e-04	2.031892e-05
3.820000e+02	1.488875e-01	1.000000e+00	2.336167e+00	6.172928e-05	4.030982e-04	1.977834e-05
3.830000e+02	1.488875e-01	1.000000e+00	2.545499e+00	6.760383e-05	4.433109e-04	2.169493e-05
3.840000e+02	1.488875e-01	1.000000e+00	2.211443e+00	6.280820e-05	4.134546e-04	2.018742e-05
3.850000e+02	1.488875e-01	1.000000e+00	1.980083e+00	6.082098e-05	4.016494e-04	1.957483e-05
3.860000e+02	1.488875e-01	1.000000e+00	1.948834e+00	5.957788e-05	3.946330e-04	1.920011e-05
3.870000e+02	1.488875e-01	1.000000e+00	1.791245e+00	5.707397e-05	3.789739e-04	1.841293e-05
3.880000e+02	1.488875e-01	1.000000e+00	1.778635e+00	5.805602e-05	3.865275e-04	1.875186e-05
3.890000e+02	1.488875e-01	1.000000e+00	1.537535e+00	5.572951e-05	3.720803e-04	1.802245e-05
3.900000e+02	1.488875e-01	1.000000e+00	1.520854e+00	5.562737e-05	3.724035e-04	1.801033e-05
3.910000e+02	1.488875e-01	1.000000e+00	7.820579e-01	5.154304e-05	3.459156e-04	1.670557e-05
3.920000e+02	1.488875e-01	1.000000e+00	1.892595e-01	4.072827e-05	2.740863e-04	1.321575e-05
3.930000e+02	1.488875e-01	1.000000e+00	1.646300e-01	3.856442e-05	2.603147e-04	1.252964e-05
3.940000e+02	1.488875e-01	1.000000e+00	1.505538e-01	3.781867e-05	2.560941e-04	1.230375e-05
3.950000e+02	1.488875e-01	1.000000e+00	2.210424e-01	3.854329e-05	2.618484e-04	1.255647e-05
3.960000e+02	1.488875e-01	1.000000e+00	2.051481e-01	3.904811e-05	2.661496e-04	1.273831e-05
3.970000e+02	1.488875e-01	1.000000e+00	1.071707e-01	3.864916e-05	2.643293e-04	1.262602e-05
3.980000e+02	1.488875e-01	1.000000e+00	2.238801e-01	3.963589e-05	2.720335e-04	1.296733e-05
3.990000e+02	1.488875e-01	1.000000e+00	5.972072e-02	3.775994e-05	2.600984e-04	1.237222e-05
4.000000e+02	1.488875e-01	1.000000e+00	2.548967e-01	4.239277e-05	2.930904e-04	1.391159e-05
4.010000e+02	1.488875e-01	1.000000e+00	3.605134e-01	4.335154e-05	3.008437e-04	1.424848e-05
4.020000e+02	1.488875e-01	1.000000e+00	3.490585e-01	4.207507e-05	2.930944e-04	1.385090e-05
4.030000e+02	1.488875e-01	1.000000e+00	2.736735e-01	4.093749e-05	2.862619e-04	1.349803e-05
4.040000e+02	1.488875e-01	1.000000e+00	2.696365e-01	4.095616e-05	2.875013e-04	1.352614e-05
4.050000e+02	1.488875e-01	1.000000e+00	2.720696e-01	4.094984e-05	2.885775e-04	1.354625e-05
4.060000e+02	1.488875e-01	1.000000e+00	2.700011e-01	4.084193e-05	2.889430e-04	1.353286e-05
4.070000e+02	1.488875e-01	1.000000e+00	2.465750e-01	4.176275e-05	2.966196e-04	1.386100e-05
4.080000e+02	1.488875e-01	1.000000e+00	1.915645e-01	4.036547e-05	2.878362e-04	1.341985e-05
4.090000e+02	1.488875e-01	1.000000e+00	-4.171990e-01	3.395084e-05	2.430567e-04	1.130631e-05
4.100000e+02	1.488875e-01	1.000000e+00	5.175722e-01	4.293655e-05	3.086497e-04	1.432380e-05
4.110000e+02	1.488875e-01	1.000000e+00	-8.662641e-01	3.272266e-05	2.361932e-04	1.093562e-05
4.120000e+02	1.488875e-01	1.000000e+00	-6.136208e-01	3.824279e-05	2.772084e-04	1.280375e-05
4.130000e+02	1.488875e-01	1.000000e+00	-2.461188e-01	6.121492e-05	4.456763e-04	2.053389e-05
4.140000e+02	1.488875e-01	1.000000e+00	-2.589768e-01	8.281959e-05	6.058678e-04	2.783923e-05
4.150000e+02	1.488875e-01	1.000000e+00	-1.927728e-01	6.514929e-05	4.789435e-04	2.194636e-05
4.160000e+02	1.488875e-01	1.000000e+00	2.028470e-02	7.871930e-05	5.812309e-04	2.656797e-05
4.170000e+02	1.488875e-01	1.000000e+00	-1.453679e+00	6.146451e-05	4.555432e-04	2.077867e-05
4.180000e+02	1.488875e-01	1.000000e+00	-3.407665e+00	8.208741e-05	6.110506e-04	2.780436e-05
4.190000e+02	1.488875e-01	1.000000e+00	-5.796082e+00	6.303106e-06	4.719353e-05	2.140639e-06
4.200000e+02	1.488875e-01	1.000000e+00	-5.077772e+00	1.124994e-05	8.483954e-05	3.833086e-06
4.210000e+02	1.488875e-01	1.000000e+00	-1.574239e+00	4.537497e-05	3.445568e-04	1.550588e-05
4.220000e+02	1.488875e-01	1.000000e+00	-2.478790e+00	2.233948e-05	1.706679e-04	7.653468e-06
4.230000e+02	1.488875e-01	1.000000e+00	-4.166546e+00	1.658860e-04	1.273813e-03	5.695999e-05
4.240000e+02	1.488875e-01	1.000000e+00	-1.372021e+00	1.528377e-04	1.179639e-03	5.260766e-05
4.250000e+02	1.488875e-01	1.000000e+00	-2.779472e+00	9.900096e-05	7.680364e-04	3.415668e-05
4.260000e+02	1.488875e-01	9.999999e-01	4.104221e+00	3.270073e-04	2.549747e-03	1.130979e-04
4.270000e+02	1.488875e-01	9.999998e-01	-5.924668e+00	1.558687e-04	1.221747e-03	5.453208e-05
4.280000e+02	1.488875e-01	9.999999e-01	1.868731e+00	1.497287e-04	1.179722e-03	5.271242e-05
4.290000e+02	1.488875e-01	1.000000e+00	2.703380e+00	6.255956e-05	4.952924e-04	2.193514e-05
4.300000e+02	1.488875e-01	1.000000e+00	2.179282e+00	5.411642e-05	4.304749e-04	1.895015e-05
4.310000e+02	1.488875e-01	1.000000e+00	2.837721e+00	7.106607e-05	5.677690e-04	2.489331e-05
4.320000e+02	1.488875e-01	1.000000e+00	2.215333e+00	5.880986e-05	4.716250e-04	2.061763e-05
4.330000e+02	1.488875e-01	1.000000e+00	2.400564e+00	6.192104e-05	4.982345e-04	2.173078e-05
4.340000e+02	1.488875e-01	1.000000e+00	1.976471e+00	5.639603e-05	4.550984e-04	1.981300e-05
4.350000e+02	1.488875e-01	1.000000e+00	1.719141e+00	5.244104e-05	4.243122e-04	1.844335e-05
4.360000e+02	1.488875e-01	1.000000e+00	4.391613e-01	3.457738e-05	2.803502e-04	1.217142e-05
4.370000e+02	1.488875e-01	1.000000e+00	-1.108127e+01	9.052587e-06	7.354859e-05	3.189542e-06
4.380000e+02	1.488875e-01	9.999982e-01	1.742724e+00	1.953507e-05	1.597893e-04	7.304334e-06
4.390000e+02	1.488875e-01	9.999906e-01	1.430374e+01	3.627729e-05	2.982625e-04	1.439352e-05
4.400000e+02	1.488875e-01	9.999894e-01	-1.671400e+01	3.453868e-05	2.852986e-04	1.315059e-05
4.410000e+02	1.488875e-01	9.999914e-01	-7.004349e+00	3.120669e-05	2.589317e-04	1.150528e-05
4.420000e+02	1.488875e-01	9.999926e-01	-5.178222e-01	6.151632e-05	5.126358e-04	2.244517e-05
4.430000e+02	1.488875e-01	9.999948e-01	-4.175800e+00	6.200893e-05	5.189018e-04	2.262654e-05
4.440000e+02	1.488875e-01	9.999982e-01	1.748117e+00	4.231393e-05	3.556439e-04	1.531981e-05
4.450000e+02	1.488875e-01	9.999997e-01	1.768851e+00	4.498040e-05	3.797033e-04	1.623213e-05
4.460000e+02	1.488875e-01	1.000000e+00	1.842789e+00	5.041295e-05	4.273175e-04	1.817939e-05
4.470000e+02	1.488875e-01	1.000000e+00	2.187044e+00	5.786614e-05	4.922110e-04	2.087254e-05
4.480000e+02	1.488875e-01	1.000000e+00	2.531599e+00	6.247329e-05	5.330189e-04	2.254804e-05
4.490000e+02	1.488875e-01	1.000000e+00	2.183517e+00	5.985424e-05	5.120592e-04	2.161965e-05
4.500000e+02	1.488875e-01	1.000000e+00	1.817948e+00	5.367156e-05	4.603129e-04	1.940301e-05
4.510000e+02	1.488875e-01	1.000000e+00	3.476236e+00	8.218377e-05	7.063450e-04	2.973361e-05
4.520000e+02	1.488875e-01	1.000000e+00	2.299075e+00	6.151806e-05	5.308834e-04	2.229425e-05
4.530000e+02	1.488875e-01	1.000000e+00	1.614163e+00	5.277003e-05	4.571679e-04	1.915733e-05
4.540000e+02	1.488875e-01	1.000000e+00	8.777706e-01	4.280568e-05	3.719562e-04	1.556173e-05
4.550000e+02	1.488875e-01	1.000000e+00	-5.921114e-01	3.305982e-05	2.878979e-04	1.203138e-05
4.560000e+02	1.488875e-01	1.000000e+00	-1.956084e+00	2.460682e-05	2.147492e-04	8.964755e-06
4.570000e+02	1.488875e-01	1.000000e+00	-4.890662e+00	3.685349e-06	3.225039e-05	1.344535e-06
4.580000e+02	1.488875e-01	1.000000e+00	-3.975577e+00	3.817462e-05	3.353640e-04	1.395519e-05
4.590000e+02	1.488875e-01	1.000000e+00	-3.443409e+00	4.930431e-05	4.350209e-04	1.806210e-05
4.600000e+02	1.488875e-01	1.000000e+00	-1.133670e+00	7.971071e-05	7.063573e-04	2.926075e-05
4.610000e+02	1.488875e-01	1.000000e+00	-2.631611e+00	2.805520e-05	2.495926e-04	1.031743e-05
4.620000e+02	1.488875e-01	1.000000e+00	-2.695650e+00	8.315586e-05	7.426187e-04	3.063462e-05
4.630000e+02	1.488875e-01	1.000000e+00	-2.367014e+00	2.541010e-05	2.279576e-04	9.381342e-06
4.640000e+02	1.488875e-01	9.999976e-01	4.814421e+00	1.255230e-04	1.132659e-03	4.688787e-05
4.650000e+02	1.488875e-01	9.999980e-01	-4.646893e+00	2.094408e-04	1.898707e-03	8.243737e-05
4.660000e+02	1.488875e-01	9.999979e-01	-8.231687e+00	5.541411e-05	5.045384e-04	2.161796e-05
4.670000e+02	1.488875e-01	9.999986e-01	-9.411208e+00	1.431250e-04	1.308895e-03	5.506450e-05
4.680000e+02	1.488875e-01	9.999994e-01	1.417876e+00	8.154807e-05	7.492188e-04	3.092722e-05
4.690000e+02	1.488875e-01	9.999999e-01	2.383268e+00	5.295047e-05	4.886281e-04	1.996545e-05
4.700000e+02	1.488875e-01	1.000000e+00	2.065270e+00	4.960293e-05	4.596965e-04	1.867758e-05
4.710000e+02	1.488875e-01	1.000000e+00	2.382596e+00	5.638585e-05	5.245895e-04	2.123518e-05
4.720000e+02	1.488875e-01	1.000000e+00	2.112864e+00	5.373132e-05	5.015871e-04	2.025012e-05
4.730000e+02	1.488875e-01	1.000000e+00	2.956864e+00	6.760994e-05	6.327969e-04	2.550123e-05
4.740000e+02	1.488875e-01	1.000000e+00	2.013888e+00	5.461503e-05	5.124452e-04	2.061871e-05
4.750000e+02	1.488875e-01	1.000000e+00	2.051520e+00	5.443995e-05	5.119570e-04	2.057165e-05
4.760000e+02	1.488875e-01	1.000000e+00	-1.652680e-01	3.107817e-05	2.928060e-04	1.175337e-05
4.770000e+02	1.488875e-01	1.000000e+00	-8.227354e+00	6.303030e-06	5.949720e-05	2.385874e-06
4.780000e+02	1.488875e-01	9.999966e-01	8.833872e+00	5.880664e-05	5.582182e-04	2.252134e-05
4.790000e+02	1.488875e-01	9.999984e-01	-4.981076e+00	2.445913e-05	2.333756e-04	1.027288e-05
4.800000e+02	1.488875e-01	9.999980e-01	-3.134489e-01	3.609326e-05	3.457744e-04	1.501244e-05
4.810000e+02	1.488875e-01	9.999979e-01	-1.714350e+01	6.437504e-05	6.192668e-04	2.596581e-05
4.820000e+02	1.488875e-01	9.999957e-01	-1.743066e+01	1.949160e-04	1.882905e-03	7.842102e-05
4.830000e+02	1.488875e-01	9.999950e-01	9.006047e-01	1.693892e-04	1.643358e-03	6.751793e-05
4.840000e+02	1.488875e-01	9.999944e-01	7.841717e+00	1.176335e-04	1.146150e-03	4.660391e-05
4.850000e+02	1.488875e-01	9.999924e-01	-8.759357e+00	6.499463e-05	6.359232e-04	2.587053e-05
4.860000e+02	1.488875e-01	9.999883e-01	-3.801017e+00	1.228295e-04	1.206886e-03	4.926281e-05
4.870000e+02	1.488875e-01	9.999919e-01	1.773735e+00	1.415210e-04	1.397159e-03	5.581985e-05
4.880000e+02	1.488875e-01	9.999976e-01	2.869785e+00	5.806757e-05	5.759463e-04	2.267264e-05
4.890000e+02	1.488875e-01	9.999996e-01	3.127063e+00	6.427129e-05	6.404367e-04	2.505912e-05
4.900000e+02	1.488875e-01	1.000000e+00	1.851453e+00	4.360569e-05	4.364060e-04	1.701415e-05
4.910000e+02	1.488875e-01	1.000000e+00	1.948478e+00	4.751521e-05	4.773473e-04	1.856318e-05
4.920000e+02	1.488875e-01	1.000000e+00	3.188631e+00	7.028739e-05	7.082327e-04	2.749357e-05
4.930000e+02	1.488875e-01	1.000000e+00	2.393474e+00	5.631949e-05	5.689425e-04	2.205586e-05
4.940000e+02	1.488875e-01	1.000000e+00	2.021113e+00	5.181709e-05	5.245576e-04	2.031364e-05
4.950000e+02	1.488875e-01	1.000000e+00	2.786691e+00	6.474548e-05	6.567916e-04	2.540879e-05
4.960000e+02	1.488875e-01	1.000000e+00	1.095930e+00	4.351576e-05	4.422219e-04	1.709309e-05
4.970000e+02	1.488875e-01	1.000000e+00	2.763311e-02	6.242410e-05	6.353151e-04	2.453929e-05
4.980000e+02	1.488875e-01	9.999962e-01	1.988864e+01	6.213450e-05	6.343264e-04	2.448454e-05
4.990000e+02	1.488875e-01	9.999956e-01	-1.100739e+01	1.997229e-05	2.050504e-04	8.768434e-06
5.000000e+02	1.488875e-01	9.999838e-01	-2.196087e+00	3.040243e-05	3.134453e-04	1.333674e-05
5.010000e+02	1.488875e-01	9.999786e-01	-1.447743e+01	5.028932e-05	5.205384e-04	2.152714e-05
5.020000e+02	1.488875e-01	9.999841e-01	-1.494489e+00	1.226671e-04	1.275739e-03	5.023491e-05
5.030000e+02	1.488875e-01	9.999878e-01	-1.676889e+00	8.472853e-05	8.850658e-04	3.406924e-05
5.040000e+02	1.488875e-01	9.999884e-01	-1.878925e+01	2.069459e-04	2.170043e-03	8.354483e-05
5.050000e+02	1.488875e-01	9.999889e-01	-4.052384e+00	9.821459e-05	1.033707e-03	3.993934e-05
5.060000e+02	1.488875e-01	9.999891e-01	-1.115298e+01	1.238458e-04	1.308573e-03	5.062512e-05
5.070000e+02	1.488875e-01	9.999935e-01	3.552032e-01	1.688243e-04	1.791695e-03	6.852397e-05
5.080000e+02	1.488875e-01	9.999983e-01	2.608458e+00	5.207095e-05	5.551279e-04	2.105212e-05
5.090000e+02	1.488875e-01	9.999998e-01	3.014766e+00	6.129468e-05	6.564482e-04	2.478354e-05
5.100000e+02	1.488875e-01	1.000000e+00	2.528503e+00	5.394333e-05	5.801513e-04	2.183786e-05
5.110000e+02	1.488875e-01	1.000000e+00	2.124805e+00	4.936150e-05	5.328102e-04	2.001234e-05
5.120000e+02	1.488875e-01	1.000000e+00	1.972992e+00	5.015419e-05	5.429566e-04	2.036139e-05
5.130000e+02	1.488875e-01	1.000000e+00	2.285982e+00	5.374234e-05	5.831377e-04	2.184315e-05
5.140000e+02	1.488875e-01	1.000000e+00	2.358636e+00	5.603037e-05	6.091523e-04	2.279664e-05
5.150000e+02	1.488875e-01	1.000000e+00	1.146604e+00	4.551147e-05	4.957148e-04	1.853561e-05
5.160000e+02	1.488875e-01	1.000000e+00	-1.635275e-01	8.065721e-05	8.798997e-04	3.287743e-05
5.170000e+02	1.488875e-01	1.000000e+00	-1.338484e+01	-6.993130e-07	-7.640392e-06	-2.852993e-07
5.180000e+02	1.488875e-01	9.999978e-01	-5.234359e+00	2.480871e-05	2.722586e-04	1.040656e-05
5.190000e+02	1.488875e-01	9.999946e-01	1.459683e+00	2.134144e-05	2.352397e-04	9.756080e-06
5.200000e+02	1.488875e-01	9.999929e-01	-1.666957e+01	2.135907e-05	2.363532e-04	9.614405e-06
5.210000e+02	1.488875e-01	9.999921e-01	-7.909997e+00	9.433293e-05	1.048232e-03	4.084104e-05
5.220000e+02	1.488875e-01	9.999939e-01	-1.488685e+00	1.360362e-04	1.517944e-03	5.735400e-05
5.230000e+02	1.488875e-01	9.999940e-01	2.873684e+01	3.730851e-04	4.179167e-03	1.564876e-04
5.240000e+02	1.488875e-01	9.999927e-01	-2.085050e+00	8.651112e-05	9.726035e-04	3.687516e-05
5.250000e+02	1.488875e-01	9.999924e-01	-8.360095e+00	1.839317e-04	2.075791e-03	7.875773e-05
5.260000e+02	1.488875e-01	9.999952e-01	-8.753564e-02	2.167621e-04	2.457484e-03	9.143584e-05
5.270000e+02	1.488875e-01	9.999983e-01	3.130645e+00	5.981542e-05	6.811547e-04	2.507104e-05
5.280000e+02	1.488875e-01	9.999998e-01	2.981047e+00	5.815663e-05	6.652042e-04	2.436387e-05
5.290000e+02	1.488875e-01	1.000000e+00	2.801927e+00	5.676376e-05	6.519987e-04	2.380728e-05
5.300000e+02	1.488875e-01	1.000000e+00	2.621940e+00	5.468293e-05	6.304196e-04	2.296886e-05
5.310000e+02	1.488875e-01	1.000000e+00	2.550959e+00	5.644241e-05	6.525921e-04	2.374022e-05
5.320000e+02	1.488875e-01	1.000000e+00	2.367775e+00	5.276154e-05	6.114869e-04	2.221906e-05
5.330000e+02	1.488875e-01	1.000000e+00	-1.063977e+00	2.429367e-05	2.820804e-04	1.024096e-05
5.340000e+02	1.488875e-01	9.999968e-01	5.151280e+01	3.301299e-04	3.839640e-03	1.393070e-04
